----------FE.pp----------
n = 3
l = 5
Ring_P = [1 0 0 0 0 0 0 0 0 0 0 0 0 0 0 0 0 0 0 0 0 0 0 0 0 0 0 0 0 0 0 0 0 0 0 0 0 0 0 0 0 0 0 0 0 0 0 0 0 0 0 0 0 0 0 0 0 0 0 0 0 0 0 0 0 0 0 0 0 0 0 0 0 0 0 0 0 0 0 0 0 0 0 0 0 0 0 0 0 0 0 0 0 0 0 0 0 0 0 0 0 0 0 0 0 0 0 0 0 0 0 0 0 0 0 0 0 0 0 0 0 0 0 0 0 0 0 0 1]
----------Cubic_FE_pp--------
Cubic_n = 13
Cubic_Q = 10
Cubic_p0 = 2
Cubic_p1= 3329
Cubic_sig0 = 3.43
Cubic_sig1 = 6.23
Lin_L = 115
----------AIK_pp-------------
AIK_n = 3
AIK_l = 5
AIK_num = 10
AIK_p = 2
AIK_omega = 13
----------FE.MPK----------
Cubic_u = [[264 176 1068 4454 6162 214 1524 5258 5059 6397 5200 2907 5123 3633 756 3692 1878 2929 1616 4674 3362 5942 1595 62 2416 2232 5536 1594 3437 5750 6190 3532 6269 6292 2113 6556 2456 6388 1341 1820 2144 46 3763 3334 707 5117 4556 4619 17 3 6417 3740 1045 6642 4932 1719 1406 2606 3467 855 1823 3538 6637 4921 3463 523 998 4053 5662 2413 5757 3638 6014 6471 1447 1152 1792 1664 1220 950 948 3408 5961 922 5107 6167 1802 1770 5605 4649 4317 5427 385 1543 859 1174 6065 1161 1358 3603 3657 3478 2177 5780 1919 2811 213 1626 156 1264 1710 3810 957 2266 4384 2331 4155 2892 1601 1593 2780 157 1962 1793 3319 3707 1422 152] [5079 1418 1121 5219 297 5719 2206 4947 3594 4419 2896 5506 2114 1554 5380 5759 3395 2248 3304 388 427 487 2383 3103 2165 4502 1086 1469 1541 2253 2646 581 1715 1615 3300 6379 1843 3497 2149 426 1652 5037 3183 2611 4729 4348 2980 2234 4438 568 1679 497 3870 4281 455 5869 28 6584 1919 6615 2183 5632 2798 3508 3824 420 4366 5505 81 880 6626 1380 5280 2197 5462 2964 4306 3875 485 6293 3469 5082 3445 4491 3245 5688 541 5917 680 5608 2700 217 4622 4562 1463 3632 6560 1218 2262 3902 5298 534 2634 659 3574 5667 2330 894 3467 5104 2098 5489 3688 5243 3288 476 1891 5068 2757 3631 723 2419 2221 6032 3054 654 2844 1864] [5137 5560 6646 2340 5059 4599 6127 5555 6621 5994 2753 5454 874 3757 6555 4714 5201 6210 1735 3408 3717 4831 2680 6473 6055 1284 6525 3373 6082 4354 2811 3090 3109 4458 2273 3632 2686 5235 3667 1674 1737 3776 3562 1909 3840 4898 3027 510 284 1545 115 183 227 2148 152 4738 5289 1388 2885 2461 226 6451 1365 3120 3658 2853 2770 1985 5029 1903 446 3059 5540 1408 5842 943 5639 4550 4550 5950 2803 1381 2434 2560 5891 4879 954 1579 889 5580 3632 2972 2087 1625 1622 2224 2256 2981 2406 3123 758 5689 6479 1604 6648 3351 2991 134 1911 4400 5378 5919 473 1325 4879 1599 4078 5213 1752 1388 3975 3915 1960 965 6105 1791 395 4642] [3694 4590 3742 1607 169 1758 3274 1502 3910 65 1353 6156 1327 564 5215 5454 5030 4448 3124 5974 120 3299 4942 1094 6622 2023 5583 3559 6282 2354 3417 2961 5195 2267 4971 5585 6186 2811 6313 532 6459 68 3774 4257 1624 99 6178 2802 4531 6643 4987 2056 2192 2233 5511 3852 4567 26 4019 5183 6091 4372 1196 3315 6051 1855 1467 1209 4413 566 638 764 292 4406 4660 2111 2028 2309 2783 6001 4280 3906 2817 3346 4922 4742 4763 5227 1932 818 4354 547 1793 1307 2545 3492 1767 5930 768 5932 3652 3018 5854 744 5920 2571 30 682 346 2012 6119 988 923 5485 3820 2686 6498 1323 1404 6231 1188 1351 1936 2443 1050 2023 5186 6005] [3984 72 3231 3036 2261 2907 1505 2988 1480 5843 2090 1486 5406 909 2700 4483 3673 3834 5054 23 5264 4008 319 4294 1844 5080 917 1665 5734 3426 4190 292 2969 1562 1924 3552 975 2266 3220 5901 3466 6648 3566 3032 6441 4175 64 6102 3855 1411 2394 761 4467 5354 4876 6656 4206 6234 3896 5334 3111 3831 215 759 5838 399 5137 3214 2735 1436 5027 1435 377 6314 2062 1027 5068 2812 5037 6657 5373 1944 740 3355 225 2228 1844 3812 6617 4597 3304 4878 104 2198 6654 6199 4384 51 4732 2080 3014 2180 2603 164 230 2133 799 2648 6586 956 5295 1382 255 5232 6360 6188 2414 1511 349 2300 2968 3613 2054 5231 3343 992 5923 1680] [1278 3884 1582 3325 3207 5338 2219 6523 4504 2656 2717 6101 41 2615 737 2468 611 5523 4701 4515 4519 4762 5361 3587 4190 981 2114 6187 5656 5270 486 6055 3754 5300 1733 1256 3814 2909 5623 6252 4843 1531 4780 1761 449 180 4425 768 790 4165 2785 1851 1738 5038 2409 3854 1142 4214 4729 609 4461 2875 2111 1015 38 4463 4172 2013 6110 2333 1634 2233 5388 3115 3720 6616 903 2214 5600 6024 1203 4295 223 3942 1424 2431 4396 5626 3528 4138 667 4514 1502 5490 2916 662 2489 2821 2253 208 4491 40 4138 2715 6111 3764 998 2606 83 302 2426 1971 4634 4548 5256 919 703 6561 246 1901 2958 4067 5258 1732 1828 741 5815 5336] [143 5331 4321 6224 5031 35 5200 507 5270 1995 2034 1560 3579 1691 5665 4578 6083 776 6299 4356 2786 5301 3177 1664 1197 4968 1451 4838 517 5838 956 3685 2885 3774 2591 288 2575 1799 4703 3923 6066 3911 5134 4609 5972 3260 5746 3295 2839 1344 5242 6279 1134 6260 4136 4892 44 4752 1143 3076 786 4150 4352 5990 3034 4847 521 227 652 3825 1942 1559 2660 769 2793 4064 2866 6607 5246 1279 5725 4542 4638 3446 4452 1330 224 2904 5562 5642 5680 1601 1381 5311 2504 4841 654 2984 5098 2922 5087 2248 151 5403 724 5620 538 5877 4619 1901 234 1611 4046 621 2405 2347 4278 2001 1714 3228 1534 458 347 3062 1298 6320 5504 6309] [727 5338 1406 452 5481 5516 4321 4562 5961 3531 4932 165 1347 6308 636 3351 4663 2652 5706 3742 5815 4642 2565 5554 6569 3900 3311 216 691 3137 304 3982 1708 2687 1770 5952 6266 1390 4795 4000 3245 5397 5143 165 6657 5295 4226 3987 2698 4143 1049 1333 2559 1375 2368 5729 1547 6368 1625 4797 2338 5206 197 296 5522 3148 4113 5273 5230 5800 6314 2876 1422 3107 3724 3110 4335 1538 3418 526 5677 4675 6054 3325 4209 4457 2450 4241 4387 4551 88 2309 1061 1677 4735 4711 5444 2573 188 5227 2671 681 5501 4606 599 143 3344 3148 2646 2809 2231 5944 4860 6 3324 5197 2446 4298 4918 1427 5763 5497 5397 3997 3212 904 4042 1138] [2293 3618 3874 5614 383 3820 2528 1655 6642 3034 5312 5098 3830 1833 1820 3380 2843 3809 5295 291 4163 2004 3756 2893 1187 6083 907 996 3662 75 906 3951 1114 3766 6421 6260 2936 3818 4358 3054 3986 368 6459 1269 3121 2604 5554 4577 2902 2100 5894 2449 4496 6498 4246 1431 6007 804 153 563 3947 2727 4564 2705 3756 332 5005 4169 1870 2630 4873 5968 6545 3337 4725 4382 1451 3423 367 1212 5829 1053 1542 1698 5362 5334 3430 1215 3369 1204 1427 1162 5239 2402 2123 5139 3421 2011 960 818 2900 5100 6396 1730 6413 4392 1309 4862 4732 2121 1272 4480 5459 5494 1240 6448 1833 6 4646 4933 881 4901 4907 6405 6650 245 1438 3503] [1815 5627 5150 3768 6462 3605 4819 5103 4356 6176 4745 4353 1849 3262 947 4669 2902 95 986 994 3571 900 2744 2710 1633 3279 5386 1416 2761 2444 3398 2056 1732 1452 443 3768 3395 3957 1233 442 3759 4466 825 2223 2946 3479 1676 3529 3356 92 1798 6010 1696 5055 4099 462 2975 6547 3901 2401 2135 4017 5008 3196 2841 2869 2926 31 1039 2624 603 1970 781 4917 2271 4103 4271 1087 2572 3363 2654 2991 3916 1140 4811 5746 4868 2866 4673 3483 3796 5819 3582 707 117 633 277 5256 4004 5666 1760 3974 4189 3024 3445 1478 5880 4236 6124 465 5221 4313 2901 580 3792 6464 385 2662 1835 958 1274 6334 1017 4933 4682 4095 382 2030] [3065 1877 2109 5236 2208 6374 4862 2261 5165 1883 6072 1243 680 1729 2795 6510 1567 5319 6234 355 3034 5655 5447 3496 4116 4877 3753 3096 1933 1961 1505 2888 4526 1046 6121 4618 2403 1720 2293 1617 1151 5464 883 974 1753 6501 5724 469 30 1861 2702 4701 6213 1836 4792 3098 403 6472 5811 6052 4764 3175 4143 5428 3774 3325 6508 2374 4709 4591 1062 5466 4988 1295 2499 6559 565 5413 2975 5119 2586 5926 1731 1537 3066 4069 4355 2103 2747 6471 5585 570 4061 3939 180 3388 2596 6605 3545 4662 5248 3503 883 5883 2538 492 1411 3541 2511 2658 4820 4372 5650 5504 6509 3960 5656 1343 5923 368 1151 3868 4777 4153 4242 857 3136 2296] [1864 1055 3309 4263 496 6559 4442 1975 3561 6052 3776 584 2238 5021 981 5438 4097 2687 2445 2195 5398 1567 6080 534 2831 5135 5598 21 2491 5466 2869 5901 913 612 6402 2321 342 3936 586 811 799 2556 1833 5658 6628 4625 2702 871 3278 582 5428 1705 6376 4881 704 5763 5077 5971 5240 32 4073 1275 1516 5847 3201 6016 3789 6083 6248 3814 66 3920 6626 453 2205 1742 2956 6593 6476 4759 4575 6568 16 2255 5593 1603 2037 2270 4946 1602 3256 2339 5924 986 2980 6073 885 5311 5045 2719 5062 1099 2564 1584 1261 4451 6184 903 5259 300 4108 3425 5984 1660 5906 3100 714 2320 1469 699 5326 6650 3035 5662 1124 5720 5758 4003] [4942 5637 584 1114 5659 6334 419 2548 5411 4940 952 4214 2791 2276 5227 5258 4004 517 4900 208 387 4318 148 4226 296 1578 6486 5551 4661 4667 4353 6291 3426 3229 622 5034 5933 6542 2906 6148 4919 1216 3775 5969 4079 4928 2074 104 535 2626 6047 4764 4544 5811 6557 1499 5467 1639 669 3930 1090 1967 4529 6434 3043 3308 4177 3808 4839 3361 85 6227 5631 3727 2200 2065 6147 105 2597 6230 2280 3775 13 6391 4167 3530 4354 3882 3528 2722 4842 4469 963 3851 5502 5229 159 2107 2993 6490 358 4096 5582 2308 3255 1477 1609 5196 836 1442 633 5172 6467 6243 664 6623 389 29 5432 1714 4571 2416 1002 4916 3293 1382 1539 4865]]
----------FE.KeyGen----------
------------F[0]-----------
F[0] = [0 1 0 0 1 0 0 0 0 0 0 0 0 0 0 0 0 0 0 0 0 0 0 0 0 0 0 0 0 0 0 0 0 0 0 0 0 0 0 0 0 0 0 0 0 0 0 0 0 0 0 0 0 0 0 0 0 0 0 0 0 0 0 0 0 0 0 0 0 0 0 0 0 0 0 0 0 0 0 0 0 0 0 0 0 0 0 0 0 0 0 0 0 0 0 0 0 0 0 0 0 0 0 0 0 0 0 0 0 0 0 0 0 0 0 0 0 0 0 0 0 0 0 0 0 0 0 0 0 0 0 0 0 0 0 0 0 0 0 0 0 0 0 0 0 0 0 0 0 0 0 0 0 0 0 0 0 0 0 0 0 0 0 0 0 0 0 0 0 0 0 0 0 0 0 0 0 0 0 0 0 0 0 0 0 0 0 0 0 0 0 0 0 0 0 0 0 0 0 0 0 0 0 0 0 0 0 0 0 0 0 0 0 0 0 0 0 0 0 0 0 0 0 0 0 0 0 0 0 0 0 0 0 0 0 0 0 0 0 0 0 0 0 0 0 0 0 0 0 0 0 0 0 0 0 0 0 0 0 0 0 0 0 0 0 0 0 0 0 0 0 0 0 0 0 0 0 0 0 0 0 0 0 0 0 0 0 0 0 0 0 0 0 0 0 0 0 0 0 0 0 0 0 0 0 0 0 0 0 0 0 0 0 0 0 0 0 0 0 0 0 0 0 0 0 0 0 0 0 0 0 0 0 0 0 0 0 0 0 0 0 0 0 0 0 0 0 0 0 0 0 0 0 0 0 0 0 0 0 0 0 0 0 0 0 0 0 0 0 0 0 0 0 0 0 0 0 0 0 0 0 0 0 0 0 0 0 0 0 0 0 0 0 0 0 0 0 0 0 0 0 0 0 0 0 0 0 0 0 0 0 0 0 0 0 0 0 0 0 0 0 0 0 0 0 0 0 0 0 0 0 0 0 0 0 0 0 0 0 0 0 0 0 0 0 0 0 0 0 0 0 0 0 0 0]
u_g = [[191 990 2212 66 858 547 2984 1828 2011 2038 3273 1952 2960 1770 932 1683 3138 1782 678 1821 2964 3182 850 2027 2806 3080 1694 1321 690 563 2734 1738 681 420 1404 1255 2761 1055 797 2280 2689 1137 327 244 2873 1014 800 1709 2091 2679 1672 829 2745 2877 3053 1971 1975 580 1341 2205 1384 2881 415 2611 955 1207 2623 865 783 1995 410 2499 1543 866 1132 2244 2164 3318 3311 2687 1646 1439 710 389 135 2909 2658 300 1213 1520 3321 1258 746 1806 1684 154 573 775 3281 879 1223 855 857 2290 2811 1471 2345 2763 3069 664 1738 2245 818 1929 3105 943 996 255 1359 162 2663 583 1930 2747 1882 1543 2026 2576] [2256 1906 760 838 3170 809 700 1571 590 1079 775 1288 1345 2025 463 683 423 2750 2876 2874 365 3127 1967 3165 2634 502 3263 2716 2307 1541 905 2030 283 319 3074 188 1760 2042 2207 2024 1029 1089 302 509 2398 2244 1203 1479 399 1525 2256 1498 1590 1885 413 424 2305 1568 629 1068 3115 3129 3112 1636 2305 2540 1928 2175 2853 1852 635 1066 2984 2677 1551 2153 2898 1538 2528 1323 2358 2520 213 1349 3174 3088 2341 432 2960 2989 2643 2912 736 452 335 1934 405 797 1294 2643 599 2367 2955 53 960 3295 282 1061 315 2241 983 2672 1165 1007 2543 1307 2687 1199 3215 3147 2074 2463 1897 1149 1317 371 264 405] [2227 1934 3147 48 1661 1621 1269 94 1167 2858 2319 2246 226 670 1924 2813 3304 3299 2722 1922 2472 2685 1928 1861 355 1772 66 602 1594 1703 1928 1478 456 173 3156 539 892 2039 2654 2086 2258 1318 3236 2406 1493 344 2115 426 2547 595 168 1920 2563 3194 1300 2624 3143 1182 779 2333 1473 2573 2087 2764 1485 1708 2715 2359 2374 1477 2083 2168 2165 1043 1183 1895 289 1019 1166 2361 3217 1098 2457 2726 11 1946 2300 1251 370 881 737 1344 3135 1704 2391 327 3164 2039 1179 957 996 2473 2772 2766 590 28 2597 3177 1959 2428 2942 3296 2043 2650 2393 3266 85 450 532 299 42 2240 1798 3144 3064 303 194 1916] [] [] [2227 1934 3147 48 1661 1621 1269 94 1167 2858 2319 2246 226 670 1924 2813 3304 3299 2722 1922 2472 2685 1928 1861 355 1772 66 602 1594 1703 1928 1478 456 173 3156 539 892 2039 2654 2086 2258 1318 3236 2406 1493 344 2115 426 2547 595 168 1920 2563 3194 1300 2624 3143 1182 779 2333 1473 2573 2087 2764 1485 1708 2715 2359 2374 1477 2083 2168 2165 1043 1183 1895 289 1019 1166 2361 3217 1098 2457 2726 11 1946 2300 1251 370 881 737 1344 3135 1704 2391 327 3164 2039 1179 957 996 2473 2772 2766 590 28 2597 3177 1959 2428 2942 3296 2043 2650 2393 3266 85 450 532 299 42 2240 1798 3144 3064 303 194 1916] [] [] [] [] [] [] [] [] [924 1839 2306 1732 771 1361 2947 2052 1584 3054 1672 2995 2467 866 1907 3074 2919 576 1629 2918 967 2163 627 2590 2649 405 1326 195 2712 979 3151 2456 1974 152 1434 56 511 895 1289 331 1540 1631 3238 1015 2146 1464 285 1651 1694 1350 2585 2071 1650 352 1327 791 2424 498 843 1367 1364 524 316 2391 325 2510 484 1268 513 1013 1663 514 1001 1476 2463 2667 613 3300 1136 366 1145 2961 2473 2141 3188 2071 944 258 2690 3111 654 1563 1932 3227 1870 156 2372 2060 2993 676 1675 615 1421 2506 2854 2187 200 3116 3263 598 2594 3116 2715 2841 339 3323 2353 79 223 727 2967 626 2383 2053 261 1683 1220 3114] [2801 2977 1193 1079 992 2901 281 2800 3198 522 2916 844 3070 2721 1817 2603 2902 800 97 639 3263 1432 139 3205 1826 2194 2244 141 3113 1816 936 2923 778 732 2432 204 1746 540 647 3018 2370 3237 2461 3319 1915 3082 875 749 3295 3323 482 2507 1239 32 123 3220 517 1446 3053 1619 3012 2911 42 145 3061 2283 1333 1881 1992 1832 1802 2711 1288 374 435 1025 3074 1 889 1429 1433 3171 1394 1485 3102 982 3054 3118 2106 689 1353 2462 2559 243 1611 981 1186 1007 613 2781 2673 3031 2304 1756 2820 1036 2903 77 3017 801 3238 2367 1415 2126 1219 1996 1677 874 127 143 1098 3015 2734 3072 20 2573 485 3025] [] [] [2801 2977 1193 1079 992 2901 281 2800 3198 522 2916 844 3070 2721 1817 2603 2902 800 97 639 3263 1432 139 3205 1826 2194 2244 141 3113 1816 936 2923 778 732 2432 204 1746 540 647 3018 2370 3237 2461 3319 1915 3082 875 749 3295 3323 482 2507 1239 32 123 3220 517 1446 3053 1619 3012 2911 42 145 3061 2283 1333 1881 1992 1832 1802 2711 1288 374 435 1025 3074 1 889 1429 1433 3171 1394 1485 3102 982 3054 3118 2106 689 1353 2462 2559 243 1611 981 1186 1007 613 2781 2673 3031 2304 1756 2820 1036 2903 77 3017 801 3238 2367 1415 2126 1219 1996 1677 874 127 143 1098 3015 2734 3072 20 2573 485 3025] [] [] [] [] [] [] [] [] [] [] [] [] [] [] [] [] [] [] [] [] [] [] [] [] [] [] [] [] [] [] [] [] [] [] [] [] [] [] [] [] [] [] [] [] [] [] [] [] [] [] [] [] [] [] [] [] [] [] [] [] [] [] [] [] [] [] [] [] [] [] [] [] [] [] [] [] [] [] [] [] [] [] [] [] [] [] [1] [] [] [] [] [] [] [] [] []]
------------F[1]-----------
F[1] = [1 0 1 0 0 1 0 0 0 0 0 0 0 0 0 0 0 0 0 0 0 0 0 0 0 0 0 0 0 0 0 0 0 0 0 0 0 0 0 0 0 0 0 0 0 0 0 0 0 0 0 0 0 0 0 0 0 0 0 0 0 0 0 0 0 0 0 0 0 0 0 0 0 0 0 0 0 0 0 0 0 0 0 0 0 0 0 0 0 0 0 0 0 0 0 0 0 0 0 0 0 0 0 0 0 0 0 0 0 0 0 0 0 0 0 0 0 0 0 0 0 0 0 0 0 0 0 0 0 0 0 0 0 0 0 0 0 0 0 0 0 0 0 0 0 0 0 0 0 0 0 0 0 0 0 0 0 0 0 0 0 0 0 0 0 0 0 0 0 0 0 0 0 0 0 0 0 0 0 0 0 0 0 0 0 0 0 0 0 0 0 0 0 0 0 0 0 0 0 0 0 0 0 0 0 0 0 0 0 0 0 0 0 0 0 0 0 0 0 0 0 0 0 0 0 0 0 0 0 0 0 0 0 0 0 0 0 0 0 0 0 0 0 0 0 0 0 0 0 0 0 0 0 0 0 0 0 0 0 0 0 0 0 0 0 0 0 0 0 0 0 0 0 0 0 0 0 0 0 0 0 0 0 0 0 0 0 0 0 0 0 0 0 0 0 0 0 0 0 0 0 0 0 0 0 0 0 0 0 0 0 0 0 0 0 0 0 0 0 0 0 0 0 0 0 0 0 0 0 0 0 0 0 0 0 0 0 0 0 0 0 0 0 0 0 0 0 0 0 0 0 0 0 0 0 0 0 0 0 0 0 0 0 0 0 0 0 0 0 0 0 0 0 0 0 0 0 0 0 0 0 0 0 0 0 0 0 0 0 0 0 0 0 0 0 0 0 0 0 0 0 0 0 0 0 0 0 0 0 0 0 0 0 0 0 0 0 0 0 0 0 0 0 0 0 0 0 0 0 0 0 0 0 0 0 0 0 0 0 0 0 0 0 0 0 0 0 0 0 0 0 0 0 0 0]
u_g = [[2772 1394 1025 1719 854 595 1684 1219 2439 259 258 1546 126 1158 2709 2394 161 1856 1234 1115 1242 1390 878 1837 149 3162 52 2608 242 2901 2259 3040 2455 877 2083 1300 1629 1994 991 2498 3099 26 223 1145 3256 1349 3324 1106 1489 1754 816 3063 2462 1792 2038 2728 32 1587 1401 2712 375 101 801 1486 2522 2481 2358 2281 2836 1480 481 3317 1566 1018 2731 1300 1847 1422 2784 2377 1564 3083 1917 115 917 2858 2285 2034 1879 2345 93 489 1176 1123 1117 2475 3095 1508 1879 2788 1990 1150 3261 412 3274 2417 2227 1244 1895 1439 1521 2646 1657 174 2417 1247 2380 2363 2958 1101 1201 3080 2306 2314 1221 2499 1709 2528] [334 3092 2753 1104 1636 2101 1077 2802 615 2826 2331 2181 809 780 988 730 3125 2242 923 321 1165 511 791 2624 1312 86 782 2892 1601 2358 478 1879 1314 1280 2899 2925 1889 3002 2239 176 354 1355 595 2553 1949 1840 258 1772 902 2760 1857 3176 3189 1088 1115 1587 1115 1023 2245 1745 36 1766 290 2235 3194 1129 3308 614 1601 2546 678 226 1738 351 2701 2861 899 2757 59 2379 14 1046 69 3061 3012 2288 2754 2354 2548 771 562 553 1758 846 389 2678 218 2124 2355 2601 1974 1215 1450 2924 2492 1140 2345 169 2890 3184 1634 1647 2733 1118 1962 2047 3121 1909 1863 1593 695 25 554 1142 585 1518 1993 3097] [] [2227 1934 3147 48 1661 1621 1269 94 1167 2858 2319 2246 226 670 1924 2813 3304 3299 2722 1922 2472 2685 1928 1861 355 1772 66 602 1594 1703 1928 1478 456 173 3156 539 892 2039 2654 2086 2258 1318 3236 2406 1493 344 2115 426 2547 595 168 1920 2563 3194 1300 2624 3143 1182 779 2333 1473 2573 2087 2764 1485 1708 2715 2359 2374 1477 2083 2168 2165 1043 1183 1895 289 1019 1166 2361 3217 1098 2457 2726 11 1946 2300 1251 370 881 737 1344 3135 1704 2391 327 3164 2039 1179 957 996 2473 2772 2766 590 28 2597 3177 1959 2428 2942 3296 2043 2650 2393 3266 85 450 532 299 42 2240 1798 3144 3064 303 194 1916] [] [] [2227 1934 3147 48 1661 1621 1269 94 1167 2858 2319 2246 226 670 1924 2813 3304 3299 2722 1922 2472 2685 1928 1861 355 1772 66 602 1594 1703 1928 1478 456 173 3156 539 892 2039 2654 2086 2258 1318 3236 2406 1493 344 2115 426 2547 595 168 1920 2563 3194 1300 2624 3143 1182 779 2333 1473 2573 2087 2764 1485 1708 2715 2359 2374 1477 2083 2168 2165 1043 1183 1895 289 1019 1166 2361 3217 1098 2457 2726 11 1946 2300 1251 370 881 737 1344 3135 1704 2391 327 3164 2039 1179 957 996 2473 2772 2766 590 28 2597 3177 1959 2428 2942 3296 2043 2650 2393 3266 85 450 532 299 42 2240 1798 3144 3064 303 194 1916] [] [] [] [] [] [] [] [2780 15 1884 947 3209 2737 398 2109 330 2120 2233 3027 361 2703 427 1716 1870 2783 2032 1358 1652 2542 490 3070 2481 1026 1385 2303 1254 3087 1436 233 962 1327 2971 2076 2777 2653 3 3259 304 1213 343 2973 248 2874 2183 1510 2204 939 1152 62 1558 2849 2617 2896 2667 3225 1959 1023 3160 34 3245 1076 2560 1102 51 488 1836 1841 623 439 991 2696 2742 2301 1398 1560 2835 1821 3137 745 2763 719 667 821 2560 801 2071 2967 2724 2865 1914 1572 2872 250 363 702 1254 2505 425 482 2826 1644 1458 1097 2030 2369 867 1493 382 654 2009 645 16 476 2728 2853 3186 1919 1372 1534 212 1911 2084 2992 2840 2882] [] [2801 2977 1193 1079 992 2901 281 2800 3198 522 2916 844 3070 2721 1817 2603 2902 800 97 639 3263 1432 139 3205 1826 2194 2244 141 3113 1816 936 2923 778 732 2432 204 1746 540 647 3018 2370 3237 2461 3319 1915 3082 875 749 3295 3323 482 2507 1239 32 123 3220 517 1446 3053 1619 3012 2911 42 145 3061 2283 1333 1881 1992 1832 1802 2711 1288 374 435 1025 3074 1 889 1429 1433 3171 1394 1485 3102 982 3054 3118 2106 689 1353 2462 2559 243 1611 981 1186 1007 613 2781 2673 3031 2304 1756 2820 1036 2903 77 3017 801 3238 2367 1415 2126 1219 1996 1677 874 127 143 1098 3015 2734 3072 20 2573 485 3025] [] [] [2801 2977 1193 1079 992 2901 281 2800 3198 522 2916 844 3070 2721 1817 2603 2902 800 97 639 3263 1432 139 3205 1826 2194 2244 141 3113 1816 936 2923 778 732 2432 204 1746 540 647 3018 2370 3237 2461 3319 1915 3082 875 749 3295 3323 482 2507 1239 32 123 3220 517 1446 3053 1619 3012 2911 42 145 3061 2283 1333 1881 1992 1832 1802 2711 1288 374 435 1025 3074 1 889 1429 1433 3171 1394 1485 3102 982 3054 3118 2106 689 1353 2462 2559 243 1611 981 1186 1007 613 2781 2673 3031 2304 1756 2820 1036 2903 77 3017 801 3238 2367 1415 2126 1219 1996 1677 874 127 143 1098 3015 2734 3072 20 2573 485 3025] [] [] [] [] [] [] [] [] [] [] [] [] [] [] [] [] [] [] [] [] [] [] [] [] [] [] [] [] [] [] [] [] [] [] [] [] [] [] [] [] [] [] [] [] [] [] [] [] [] [] [] [] [] [] [] [] [] [] [] [] [] [] [] [] [] [] [] [] [] [] [] [] [] [] [] [] [] [] [] [] [] [] [] [] [] [] [1] [] [] [] [] [] [] [] []]
------------F[2]-----------
F[2] = [0 0 0 0 1 0 1 0 0 0 0 0 0 0 0 0 0 0 0 0 0 0 0 0 0 0 0 1 0 0 0 0 0 0 0 0 0 0 0 0 0 0 0 0 0 0 0 0 0 0 0 0 0 0 0 0 0 0 0 0 0 0 0 0 0 0 0 0 0 0 0 0 0 0 0 0 0 0 0 0 0 0 0 0 0 0 0 0 0 0 0 0 0 0 0 0 0 0 0 0 0 0 0 0 0 0 0 0 0 0 0 0 0 0 0 0 0 0 0 0 0 0 0 0 0 0 0 0 0 0 0 0 0 0 0 0 0 0 0 0 0 0 0 0 0 0 0 0 0 0 0 0 0 0 0 0 0 0 0 0 0 0 0 0 0 0 0 0 0 0 0 0 0 0 0 0 0 0 0 0 0 0 0 0 0 0 0 0 0 0 0 0 0 0 0 0 0 0 0 0 0 0 0 0 0 0 0 0 0 0 0 0 0 0 0 0 0 0 0 0 0 0 0 0 0 0 0 0 0 0 0 0 0 0 0 0 0 0 0 0 0 0 0 0 0 0 0 0 0 0 0 0 0 0 0 0 0 0 0 0 0 0 0 0 0 0 0 0 0 0 0 0 0 0 0 0 0 0 0 0 0 0 0 0 0 0 0 0 0 0 0 0 0 0 0 0 0 0 0 0 0 0 0 0 0 0 0 0 0 0 0 0 0 0 0 0 0 0 0 0 0 0 0 0 0 0 0 0 0 0 0 0 0 0 0 0 0 0 0 0 0 0 0 0 0 0 0 0 0 0 0 0 0 0 0 0 0 0 0 0 0 0 0 0 0 0 0 0 0 0 0 0 0 0 0 0 0 0 0 0 0 0 0 0 0 0 0 0 0 0 0 0 0 0 0 0 0 0 0 0 0 0 0 0 0 0 0 0 0 0 0 0 0 0 0 0 0 0 0 0 0 0 0 0 0 0 0 0 0 0 0 0 0 0 0 0 0 0 0 0 0 0 0 0 0 0 0 0 0 0 0 0 0 0 0]
u_g = [[2266 282 3209 1156 1220 1799 915 1152 1165 2738 2312 1594 914 1269 227 57 2088 147 682 900 3103 592 219 1021 1480 654 572 1157 1060 2294 70 946 1764 2479 34 1296 2230 336 2228 1585 581 1878 2312 3183 822 915 861 2961 1469 347 2226 1258 3184 2240 410 3111 2864 2963 2302 184 1634 819 1850 2264 3055 1812 1922 1121 2064 907 3224 811 690 868 1040 2097 2716 2059 1455 2956 2477 3312 237 163 2764 3058 730 814 3312 3160 817 2372 2610 910 2639 2395 3155 2403 1712 2124 284 871 2938 1074 2026 642 22 2630 2002 294 1597 792 2216 1713 2349 916 1477 445 932 2359 1326 1872 959 3134 1826 2465 1088 161] [1695 2026 68 2427 944 85 2649 3206 1056 243 2480 3152 253 2459 770 2848 2135 1949 514 2566 2176 922 989 1978 1029 487 1611 2878 1862 724 1953 534 644 1550 1170 2317 47 2253 543 236 1107 221 1873 2252 1357 574 308 1014 2315 69 3176 2154 3079 991 2734 949 2903 2837 2056 206 1768 2960 383 1212 1851 1712 606 1104 1257 2266 2050 1782 1807 273 1135 3161 1872 174 2245 1156 2986 3277 968 3154 1010 1738 2410 1791 1968 408 1386 978 3041 1425 2057 2417 1760 1876 3182 2576 3231 2752 505 581 1053 276 2031 2408 214 2683 719 654 859 2770 1127 732 2357 392 632 2365 1806 1197 1010 59 1666 2997 1954 1163] [] [1673 3116 2428 3187 639 1858 632 1887 2003 711 2296 1525 2749 904 1905 2594 720 2302 1439 1829 964 2130 1191 677 1766 3209 2256 2172 679 227 106 462 3028 2969 3130 2792 2247 463 284 3064 2953 167 1590 2190 2871 1208 1691 1678 1390 348 748 3086 2295 1164 2291 2003 553 685 2843 2093 2268 1607 128 1134 1979 2302 981 91 989 3005 1962 1529 2104 2476 2009 1945 2925 2991 2031 2588 329 215 1682 1425 997 2086 351 2879 189 3099 204 2252 2634 2910 1726 1963 992 892 2489 1140 3171 3260 1639 2738 2150 1552 3242 2815 1155 1864 2207 2194 2204 2220 529 3220 828 2813 756 2495 952 144 2103 2700 3086 2651 2914 368] [] [2571 3114 270 3154 614 2912 1954 478 2305 2240 1461 152 924 3128 2702 2423 29 1788 2790 171 1191 1037 1772 1941 2210 1481 62 2010 2926 726 477 226 2193 1074 1759 1395 2347 1495 2504 1753 927 116 945 3093 63 2614 59 326 540 610 184 295 856 493 59 3179 773 553 2706 2757 895 3124 3241 1820 1064 310 375 869 3238 261 904 218 3070 2347 2826 3264 911 2020 1561 596 688 2080 3086 2398 1991 1748 3153 1085 1709 1294 189 2062 3079 1085 667 1853 2576 527 1437 2032 2513 229 1363 3260 1282 671 653 113 2596 144 481 2879 1244 1249 627 2132 162 926 1246 3279 870 168 1873 1396 2703 2183 2292 673] [] [2227 1934 3147 48 1661 1621 1269 94 1167 2858 2319 2246 226 670 1924 2813 3304 3299 2722 1922 2472 2685 1928 1861 355 1772 66 602 1594 1703 1928 1478 456 173 3156 539 892 2039 2654 2086 2258 1318 3236 2406 1493 344 2115 426 2547 595 168 1920 2563 3194 1300 2624 3143 1182 779 2333 1473 2573 2087 2764 1485 1708 2715 2359 2374 1477 2083 2168 2165 1043 1183 1895 289 1019 1166 2361 3217 1098 2457 2726 11 1946 2300 1251 370 881 737 1344 3135 1704 2391 327 3164 2039 1179 957 996 2473 2772 2766 590 28 2597 3177 1959 2428 2942 3296 2043 2650 2393 3266 85 450 532 299 42 2240 1798 3144 3064 303 194 1916] [] [] [] [] [] [] [2531 1255 2435 727 2695 387 3282 3163 3237 2149 2534 283 1002 729 1622 926 231 2048 1963 2279 1937 678 3162 700 288 3268 961 155 407 723 1512 2681 804 1322 2143 2818 3108 2593 2064 163 455 2757 1287 2346 903 2552 848 590 3293 574 2351 2947 1057 1702 975 1768 2408 2330 1619 1577 2761 2006 2091 3238 1115 1412 1000 3217 3271 1397 3018 335 292 2904 1803 1567 2053 568 3033 2051 2218 172 1280 3186 1981 3100 1261 3271 1137 3077 1003 179 1844 2478 829 2276 1620 294 157 1656 1886 2230 575 1091 2375 2234 1992 1462 2111 472 1129 336 2357 805 1222 1452 3295 3146 1266 1130 2156 2587 928 1694 2017 2675 1889 1998] [] [2674 3257 98 293 1068 422 1824 341 1849 815 1239 1843 1252 2420 629 2175 2985 2824 1604 3306 1394 2650 3010 2364 1485 1578 2412 1664 924 3232 2468 3037 360 1767 1405 3106 2354 1063 109 757 3192 10 3092 297 217 2483 3265 556 2803 1918 935 2568 2191 1304 1782 2 2452 424 2762 1324 218 2827 3114 2570 820 2930 1521 115 594 1893 1631 1894 2952 344 1267 2302 1590 517 1621 1 1285 1385 2589 3303 3104 1101 1485 2846 41 2061 25 1780 3225 1131 4 459 2274 3278 1926 1249 315 1149 726 3165 3099 1196 2530 681 72 2373 1363 1947 3074 1426 298 470 915 1818 2980 1029 361 3045 1275 1427 3315 2337 735 1649] [] [993 746 1205 2068 2591 1631 812 574 3235 1186 163 2048 2196 2293 1920 1218 1030 1248 1691 560 2875 3259 788 61 2429 910 2377 97 360 791 1454 3162 998 2932 159 3230 2389 1963 309 1344 633 2790 2228 1410 1404 1513 1177 239 3011 1778 367 2324 1012 1213 3300 1811 1886 58 168 2487 2786 3118 2006 354 2732 2759 1892 3225 292 3258 1356 2981 2406 2295 1251 82 764 2109 2997 2137 1959 1790 2289 2254 540 2761 2100 1539 1217 1767 1050 2819 472 1947 3318 2086 2259 1355 1536 2987 1915 671 2483 152 2830 1014 3241 3272 1106 3059 1189 3106 942 801 2998 397 928 2319 1704 2084 452 2429 774 2107 573 782 90 1712] [] [2801 2977 1193 1079 992 2901 281 2800 3198 522 2916 844 3070 2721 1817 2603 2902 800 97 639 3263 1432 139 3205 1826 2194 2244 141 3113 1816 936 2923 778 732 2432 204 1746 540 647 3018 2370 3237 2461 3319 1915 3082 875 749 3295 3323 482 2507 1239 32 123 3220 517 1446 3053 1619 3012 2911 42 145 3061 2283 1333 1881 1992 1832 1802 2711 1288 374 435 1025 3074 1 889 1429 1433 3171 1394 1485 3102 982 3054 3118 2106 689 1353 2462 2559 243 1611 981 1186 1007 613 2781 2673 3031 2304 1756 2820 1036 2903 77 3017 801 3238 2367 1415 2126 1219 1996 1677 874 127 143 1098 3015 2734 3072 20 2573 485 3025] [] [] [] [] [] [] [] [] [] [] [] [] [] [] [] [] [] [] [] [] [3065 3153 2261 2204 496 3115 1805 1400 1599 261 1458 422 1535 3025 2573 2966 1451 400 1713 1984 3296 716 1734 3267 913 1097 1122 1735 3221 908 468 3126 389 366 1216 102 873 270 1988 1509 1185 3283 2895 3324 2622 1541 2102 2039 3312 3326 241 2918 2284 16 1726 1610 1923 723 3191 2474 1506 3120 21 1737 3195 2806 2331 2605 996 916 901 3020 644 187 1882 2177 1537 1665 2109 2379 2381 3250 697 2407 1551 491 1527 1559 1053 2009 2341 1231 2944 1786 2470 2155 593 2168 1971 3055 3001 3180 1152 878 1410 518 3116 1703 3173 2065 1619 2848 2372 1063 2274 998 2503 437 1728 1736 549 3172 1367 1536 10 2951 1907 3177] [] [] [] [] [] [] [] [] [] [] [] [] [] [] [] [] [] [] [] [] [] [] [] [] [] [] [] [] [] [] [] [] [] [] [] [] [] [] [] [] [] [] [] [] [] [] [] [] [] [] [] [] [] [] [] [] [] [] [] [] [] [] [] [] [] [1] [] [] [] [] [] [] []]
------------F[3]-----------
F[3] = [0 0 0 0 0 1 0 0 0 0 0 1 0 0 0 0 0 0 0 0 0 0 1 0 0 0 0 1 0 0 0 0 0 0 1 1 0 0 1 1 0 0 0 0 0 0 0 0 0 0 0 0 1 0 1 0 0 0 0 0 0 1 0 0 0 0 0 0 0 1 0 0 0 0 0 0 0 0 0 0 0 0 0 0 0 0 0 0 0 0 0 0 0 0 0 0 0 0 0 0 0 0 0 0 0 0 0 0 0 0 0 0 0 0 0 0 0 0 0 0 0 0 0 0 0 0 0 0 0 0 0 0 0 0 0 0 0 0 0 0 0 0 0 0 0 0 0 0 0 0 0 0 0 0 0 0 0 0 0 0 0 0 0 0 0 0 0 0 0 0 0 0 0 0 0 0 0 0 0 0 0 0 0 0 0 0 0 0 0 0 0 0 0 0 0 0 0 0 0 0 0 0 0 0 0 0 0 0 0 0 0 0 0 0 0 0 0 0 0 0 0 0 0 0 0 0 0 0 0 0 0 0 0 0 0 0 0 0 0 0 0 0 0 0 0 0 0 0 0 0 0 0 0 0 0 0 0 0 0 0 0 0 0 0 0 0 0 0 0 0 0 0 0 0 0 0 0 0 0 0 0 0 0 0 0 0 0 0 0 0 0 0 0 0 0 0 0 0 0 0 0 0 0 0 0 0 0 0 0 0 0 0 0 0 0 0 0 0 0 0 0 0 0 0 0 0 0 0 0 0 0 0 0 0 0 0 0 0 0 0 0 0 0 0 0 0 0 0 0 0 0 0 0 0 0 0 0 0 0 0 0 0 0 0 0 0 0 0 0 0 0 0 0 0 0 0 0 0 0 0 0 0 0 0 0 0 0 0 0 0 0 0 0 0 0 0 0 0 0 0 0 0 0 0 0 0 0 0 0 0 0 0 0 0 0 0 0 0 0 0 0 0 0 0 0 0 0 0 0 0 0 0 0 0 0 0 0 0 0 0 0 0 0 0 0 0 0 0 0 0 0 0 0 0 0]
u_g = [[1315 468 1344 1465 1337 239 2794 3128 3069 882 1127 2792 3110 1313 1513 334 2734 157 394 799 339 2844 2080 2276 2818 3036 785 1733 116 1431 1357 273 2143 3237 2776 2916 2554 2779 3312 3318 1097 643 3063 3064 1209 2573 1117 621 2106 473 661 1839 72 3151 2478 3310 2651 1839 954 751 3193 1872 3278 5 2952 3181 504 2303 1525 838 1705 678 543 3127 1188 2084 796 751 3128 2507 2922 2151 58 1860 2434 3266 2377 190 984 55 863 1376 1995 1841 1230 1280 540 2132 1535 1902 2348 2100 731 1921 1255 2353 861 103 299 381 1439 134 2113 2418 2454 1189 419 1991 238 497 2559 3261 1414 1432 284 2746 900 3319] [2919 620 1788 2237 2189 1412 713 3087 937 2528 2268 1581 2985 2153 591 3126 2502 2708 2018 1903 2514 642 976 894 2251 1414 2815 1960 3278 1263 1794 2495 1380 631 2993 2649 2973 991 2267 646 2824 1721 1747 2943 1805 641 527 2833 1292 574 2626 1841 2407 1915 1415 1430 2693 976 1633 1401 2446 2026 735 317 2844 786 2347 2366 2766 2508 2688 1884 348 618 1446 1722 3230 2012 1417 1669 897 333 1828 318 2498 1752 598 507 1938 892 1723 2656 1184 2095 702 1709 1098 2699 1640 2629 679 3328 1182 1252 2945 1023 307 1719 2081 2372 185 3137 173 606 2543 1343 225 756 513 3052 811 1720 1281 1738 2917 1553 2155 1976] [3196 2848 337 1247 1672 919 731 1324 2984 762 639 1230 1071 2060 261 1914 749 915 2624 788 3086 832 3197 2044 136 850 569 224 1622 1946 2246 1910 803 1682 3034 966 1211 121 1146 3180 502 596 1340 750 1383 2825 840 1723 2850 1260 2507 2782 1595 1519 2187 128 1040 2474 17 392 2117 238 1757 568 2310 1814 167 508 2955 1423 1952 855 41 3283 388 3269 214 393 1950 142 2909 3322 2517 2256 1696 2632 2530 621 650 1306 1030 2442 831 913 1697 324 1334 1613 2579 96 3002 2571 496 274 953 423 34 516 1127 772 2666 1149 874 2833 2224 1379 600 2721 3018 2522 3288 2782 1168 1956 1726 2340 741 1120] [2814 1016 1998 1520 1636 1754 194 2469 1431 355 2189 1967 1308 2949 1859 2941 138 722 2223 222 2413 1163 76 187 372 2119 2723 946 1539 218 2161 688 862 1635 2701 2904 2671 198 1403 247 834 1368 2509 2674 1291 3205 1506 646 2662 1313 3289 1297 1527 2490 379 1311 2229 720 3305 1293 2555 1725 1079 2147 923 1506 1771 787 3274 372 1728 777 2153 1457 3119 2697 2282 1172 2039 3074 1235 1339 126 687 1901 2661 2419 1898 1081 2913 898 319 3203 1093 1107 2612 37 863 1570 1573 1481 687 677 942 3078 1882 2393 2835 1009 556 2858 116 1413 3184 1183 2366 932 645 707 618 1595 2835 1527 2875 2453 1387 2343 585] [393 3221 2707 740 1147 2643 322 3153 666 1691 2510 673 1963 2046 2217 918 772 2217 2114 1951 2650 1772 612 1925 1867 2807 2819 148 857 563 495 2344 1976 2290 2424 2320 900 2414 143 2311 2913 3146 3083 1500 1950 620 428 1787 1354 1897 1383 1932 259 400 2050 686 364 3050 1470 536 2672 423 1704 1469 1285 2498 1657 538 3315 1052 666 1567 1409 2415 1213 435 728 2141 246 2924 13 1698 2358 2042 1893 2594 1095 348 2618 489 2989 1822 2556 1418 2539 1884 2151 1291 1076 1400 324 825 61 1560 169 1213 3111 2117 2474 1355 843 3254 2256 952 1746 2083 1993 1713 2532 2506 235 1203 173 639 2280 1240 2313 1882] [33 2009 1415 2522 692 763 1653 2231 917 2981 3302 1130 2735 3128 2205 2505 1756 937 2678 1158 56 1671 644 1671 735 1533 2007 1048 1773 2192 3234 2817 110 1412 2545 490 271 467 2936 1375 1404 937 381 1958 1995 744 1949 1966 2882 1816 922 547 2479 285 388 815 2516 2425 1052 2644 748 1167 2730 2251 522 1835 1391 1369 809 1318 2425 1533 411 1069 872 1641 782 630 3032 2896 2932 3131 1609 1122 761 1427 1136 1093 1677 2653 1852 3322 1359 785 1718 2728 1407 2215 614 398 1053 2741 3086 596 2940 3079 2090 3216 1558 976 3067 1032 1482 1141 553 1754 2677 2521 212 1004 2885 2067 3223 2624 1357 1766 2900 2812] [2950 1730 1835 315 657 1904 3129 1694 2455 2380 683 466 2019 1683 1146 2599 3108 787 2978 3017 2466 215 1211 1000 2394 2345 1604 1426 1294 3132 2453 814 1305 1200 111 2700 2776 2094 2413 712 1198 1399 1059 1946 2551 2385 321 2759 2144 378 746 2082 1221 3169 3130 235 1160 1082 1478 2097 1907 324 1464 1329 2825 3177 3049 653 1722 2713 1809 2554 1167 1596 2953 1851 889 1231 1435 36 246 2901 2653 1478 102 197 1726 253 1745 2073 2246 1430 2841 1666 3177 1618 1684 192 154 2211 2329 2053 3327 1585 359 329 415 1550 411 2810 2189 3221 2031 2975 673 849 2701 3122 2239 2554 1909 964 1627 2759 286 1009 119 727] [2555 1187 370 1601 1462 822 2772 2064 2108 2223 2184 1766 1837 2846 1600 1401 2292 2134 2773 286 1705 142 2262 2052 921 282 626 882 3136 555 19 99 1484 19 2529 2714 3328 2100 2520 1828 2196 1966 2897 98 64 1329 1392 722 2403 3229 1493 731 1279 1583 2626 1896 704 1025 1782 891 1894 1718 1393 2806 2991 1774 14 2300 1030 2762 3264 3065 1212 1194 1671 3197 1135 503 1635 2898 1227 1662 2007 1207 15 2320 2851 1259 3188 3246 226 2343 305 2761 1566 2398 797 2410 2106 2604 2749 323 2857 271 1431 668 9 3223 1515 8 991 2603 264 2108 1145 1455 3183 159 1374 1794 2091 2076 1036 943 1168 391 618 1135] [] [] [] [1128 953 380 419 1585 2069 350 2450 295 2204 2052 644 2337 2677 1896 2006 1876 1375 1438 1437 1847 3228 2648 3247 1317 251 3296 1358 2818 2435 2117 1015 1806 1824 1537 94 880 1021 2768 1012 2179 2209 151 1919 1199 1122 2266 2404 1864 2427 1128 749 795 2607 1871 212 2817 784 1979 534 3222 3229 1556 818 2817 1270 964 2752 3091 926 1982 533 1492 3003 2440 2741 1449 769 1264 2326 1179 1260 1771 2339 1587 1544 2835 216 1480 3159 2986 1456 368 226 1832 967 1867 2063 647 2986 1964 2848 3142 1691 480 3312 141 2195 1822 2785 2156 1336 2247 2168 2936 2318 3008 2264 3272 3238 1037 2896 2613 2239 2323 1850 132 1867] [718 579 3132 528 1652 240 3233 1354 3053 3313 6 1632 1956 55 2861 623 1575 1136 765 864 1011 2242 1096 2046 2143 2486 358 1145 1668 1992 2604 1865 429 2218 1536 1193 2163 2146 1457 2374 2377 1683 344 1738 228 748 736 673 842 2747 2509 628 313 2276 1572 1146 2315 1585 733 3035 946 1261 766 1400 2519 1375 1961 792 1278 2199 962 2358 1451 2983 759 483 305 869 1111 9 63 3303 2135 1832 3165 171 227 2216 1089 3274 1577 1269 976 2900 2328 2840 1856 1707 588 822 489 2700 2668 79 951 556 3203 1825 2130 378 2675 840 345 2563 1449 1055 1518 2394 2330 647 1991 557 2707 2328 425 2272 2564 2255] [934 65 2725 3001 3030 1806 360 1219 3059 711 2074 1953 1049 1823 1412 1593 0 331 2317 1336 2513 1049 2323 2577 2226 1391 1446 1264 797 1876 352 3244 1847 1687 1051 2841 1457 1682 1324 1092 3085 544 2983 2403 3226 2635 2715 3018 435 123 3151 3060 1390 409 1587 1948 334 2074 1555 2775 982 1115 2132 2079 1388 2337 2041 2545 470 903 1391 2335 2708 2230 274 3201 1552 626 3122 1005 1767 1672 2291 376 367 2730 1896 1930 1437 2021 1257 2256 579 1894 880 1057 3275 2820 1343 1496 378 2699 2315 1315 13 194 1859 156 1403 701 1724 412 1231 457 3016 1917 1542 205 2918 626 894 2215 1517 659 625 2353 395 2754] [187 1719 1767 2399 2955 1419 3326 1489 1922 1279 165 3302 1050 2351 1611 2081 1950 1777 2841 3277 70 329 1875 2537 2966 542 2275 450 1840 2580 3303 1360 1991 746 1852 3081 2502 3142 449 2924 1016 2571 45 2568 2910 1853 2860 1690 2590 1911 1774 3102 1873 68 216 370 439 3131 18 2688 1453 2508 3031 3125 90 2837 2026 1891 958 511 1629 505 1302 3090 733 1629 2799 1180 1240 2533 880 2453 3090 461 2970 2624 225 2091 1513 918 2735 3134 2561 182 762 3252 3284 1855 2689 402 434 2190 3285 2359 2615 1772 2805 3149 1316 2727 124 1262 2698 450 2154 2639 1912 1106 1614 729 1703 2599 1694 2593 377 197 1743 648] [264 1452 1220 1422 1121 284 1796 1068 1493 1446 586 2086 2649 1600 534 148 1762 1339 424 2974 295 1003 1211 3162 2542 1781 2905 233 1396 1368 1824 441 2132 2283 537 2040 926 1609 1036 1712 2178 1194 2446 2355 1576 157 934 2860 3299 1468 627 1957 445 1493 1866 231 2926 186 847 606 1894 154 2515 1230 2884 4 150 955 1949 2067 2267 1192 1670 2034 830 99 2764 1245 354 1539 743 732 1598 1792 263 2589 2303 1226 582 187 1073 2759 2597 2719 3149 3270 733 53 3113 1996 1410 3155 2446 775 791 2837 1918 3117 818 671 1838 2286 1008 1154 149 2698 1002 1986 735 2961 2178 2790 1881 2505 2416 2472 193 1033] [2526 3223 2863 1574 1571 845 292 2476 2864 3139 3169 374 2881 1781 1079 1466 1542 2949 917 903 2267 94 111 933 1687 1523 315 2750 430 3086 1904 832 2679 1255 1039 2409 2737 572 3275 456 803 2896 813 1986 2826 2917 1818 2910 2319 2039 2776 2757 1258 599 1179 2727 1895 2801 182 691 1713 2914 398 276 1234 264 213 211 2823 1376 1480 1734 682 2822 191 1824 2474 477 2535 2328 1088 1029 2560 1315 2 2626 1752 23 1554 1066 1914 1630 2996 2952 1509 2473 1230 2518 546 2027 1553 2612 2567 2602 1912 1926 1395 1240 635 631 3280 8 610 181 386 734 3141 2798 2737 1945 451 637 567 836 2227 1893 96 2768] [1908 772 755 438 1749 1285 2568 2957 213 2007 1907 2326 3038 2352 256 2941 3293 359 2316 1116 2682 3253 1449 1407 1271 709 3093 2291 485 2208 1887 247 19 913 2334 1785 269 1950 2990 3141 2407 1216 73 288 237 3218 3145 2595 3029 1149 1960 1857 457 2018 113 1241 2143 1021 786 2973 1411 2962 195 2982 257 677 1965 1089 3225 500 3082 2866 1939 2774 145 2636 2889 1166 2470 2684 3059 1150 1797 2599 782 2897 2038 1457 897 207 311 543 446 2515 1238 1155 186 853 2636 199 409 1041 2369 1869 3152 603 1793 1504 1956 1126 669 3076 1307 1489 2326 63 1677 1425 1369 1529 2166 2133 1053 1864 203 2926 1997 1671] [172 242 648 1297 390 2667 1908 2952 2777 499 210 2405 2313 2225 2068 163 2544 1270 447 2687 2849 1841 1712 2450 2849 2248 3210 1296 640 2334 1318 1047 2255 1254 971 32 2294 3148 1121 548 2180 2860 1767 1135 315 318 2491 2246 2480 626 1123 339 2332 192 1815 652 2157 488 622 873 578 1723 3279 1663 2841 501 3190 1820 2068 132 1736 1893 486 228 2775 420 965 3248 3194 2675 2318 2234 2480 2828 192 838 324 2423 2823 1872 2586 1976 2876 572 2683 2475 1647 1623 1043 2370 294 28 372 192 875 1338 647 1116 1400 1487 2485 1182 726 244 1264 1134 3193 73 209 3188 290 3117 2248 3282 3005 2628 1588 1513] [572 661 800 1867 327 1242 2552 2652 2385 1063 1116 762 2834 465 2279 1698 433 323 1186 2457 1074 3224 2433 1577 2360 1694 1050 3219 998 654 1308 719 1328 1182 1046 2285 1876 451 406 1675 1770 613 183 62 321 1687 1982 405 2144 2756 54 2075 2658 2905 566 263 860 2107 452 3062 2835 593 659 970 467 1070 2735 1247 1318 781 1098 1356 1028 2173 228 501 1419 1086 1617 656 2565 2684 1890 2542 2574 1295 2912 2279 1886 1598 401 2905 1500 1279 2744 1403 1863 3082 1458 788 617 2243 544 2757 2297 672 18 1821 741 1818 2998 1283 1166 1639 1480 2868 1123 560 583 3200 1242 1672 1092 1625 1175 1488 2857 3004] [1351 3089 2332 608 830 1895 2965 2608 666 1653 1024 2946 2540 489 2874 2604 953 1693 1963 476 2822 2370 1568 1338 3069 3057 1247 877 2373 2966 2217 735 1366 1162 1065 2697 1197 634 768 3307 1938 2045 2438 3090 955 1631 1735 423 1592 718 2282 3167 3251 1943 1248 1307 3282 1664 1970 874 2806 319 933 238 893 1495 1014 1641 735 2731 2606 2996 735 1854 3127 2482 1812 915 1278 1085 98 2306 499 250 898 1715 870 878 1198 3118 791 1642 573 1500 1940 1266 1403 1950 2897 894 2648 2873 1880 277 812 2610 1690 780 2147 3204 3235 498 2597 1588 2174 678 3100 1977 3151 2042 899 2891 391 2628 2315 3253 3262 2446] [] [] [] [924 1839 2306 1732 771 1361 2947 2052 1584 3054 1672 2995 2467 866 1907 3074 2919 576 1629 2918 967 2163 627 2590 2649 405 1326 195 2712 979 3151 2456 1974 152 1434 56 511 895 1289 331 1540 1631 3238 1015 2146 1464 285 1651 1694 1350 2585 2071 1650 352 1327 791 2424 498 843 1367 1364 524 316 2391 325 2510 484 1268 513 1013 1663 514 1001 1476 2463 2667 613 3300 1136 366 1145 2961 2473 2141 3188 2071 944 258 2690 3111 654 1563 1932 3227 1870 156 2372 2060 2993 676 1675 615 1421 2506 2854 2187 200 3116 3263 598 2594 3116 2715 2841 339 3323 2353 79 223 727 2967 626 2383 2053 261 1683 1220 3114] [3044 191 2952 2072 2713 2951 1922 709 2060 1859 775 2605 2155 3007 1183 2079 419 2383 319 2703 1685 1826 2085 3132 1568 3258 263 568 1362 2179 968 436 573 961 1755 1974 1904 2383 1344 1750 2448 1259 777 2978 955 1333 81 2800 2221 942 911 473 2603 2833 891 1286 744 2502 2097 1878 1654 243 3224 2668 2694 1625 1049 1212 840 925 3051 748 347 2509 860 124 3190 3224 726 2771 756 824 2066 1641 2445 330 1033 2571 1018 958 383 1634 2299 3115 402 1424 3099 1863 2612 2779 753 631 1674 766 48 579 2243 666 1023 2757 2092 1135 2966 2911 1071 2807 225 2416 1458 183 823 1691 2174 375 2074 41 933 3034] [723 2353 2447 1716 965 2446 484 937 3274 2813 3110 1487 128 301 1725 2870 1688 2496 228 2200 1549 2505 482 885 891 1984 1094 111 983 3027 2030 2920 1024 193 3199 2515 422 687 1726 1818 2047 2310 1054 437 392 983 1150 80 3009 2358 2236 2764 830 2883 823 359 448 942 2063 2445 2535 2213 726 118 786 1888 1559 1232 1571 2823 2572 605 1410 1496 2619 624 3072 2676 1812 2759 2744 2120 2175 626 2748 1550 307 1692 248 826 700 536 3086 853 2536 52 2693 642 1080 1862 1128 3199 754 2816 2385 2212 2330 1328 200 2730 2409 1075 1884 2809 3001 3182 2546 1262 2843 3071 1510 2001 2297 729 2570 884 1494 685] [] [] [] [] [] [] [] [] [] [3065 3153 2261 2204 496 3115 1805 1400 1599 261 1458 422 1535 3025 2573 2966 1451 400 1713 1984 3296 716 1734 3267 913 1097 1122 1735 3221 908 468 3126 389 366 1216 102 873 270 1988 1509 1185 3283 2895 3324 2622 1541 2102 2039 3312 3326 241 2918 2284 16 1726 1610 1923 723 3191 2474 1506 3120 21 1737 3195 2806 2331 2605 996 916 901 3020 644 187 1882 2177 1537 1665 2109 2379 2381 3250 697 2407 1551 491 1527 1559 1053 2009 2341 1231 2944 1786 2470 2155 593 2168 1971 3055 3001 3180 1152 878 1410 518 3116 1703 3173 2065 1619 2848 2372 1063 2274 998 2503 437 1728 1736 549 3172 1367 1536 10 2951 1907 3177] [] [] [] [] [3065 3153 2261 2204 496 3115 1805 1400 1599 261 1458 422 1535 3025 2573 2966 1451 400 1713 1984 3296 716 1734 3267 913 1097 1122 1735 3221 908 468 3126 389 366 1216 102 873 270 1988 1509 1185 3283 2895 3324 2622 1541 2102 2039 3312 3326 241 2918 2284 16 1726 1610 1923 723 3191 2474 1506 3120 21 1737 3195 2806 2331 2605 996 916 901 3020 644 187 1882 2177 1537 1665 2109 2379 2381 3250 697 2407 1551 491 1527 1559 1053 2009 2341 1231 2944 1786 2470 2155 593 2168 1971 3055 3001 3180 1152 878 1410 518 3116 1703 3173 2065 1619 2848 2372 1063 2274 998 2503 437 1728 1736 549 3172 1367 1536 10 2951 1907 3177] [] [] [] [] [] [] [3065 3153 2261 2204 496 3115 1805 1400 1599 261 1458 422 1535 3025 2573 2966 1451 400 1713 1984 3296 716 1734 3267 913 1097 1122 1735 3221 908 468 3126 389 366 1216 102 873 270 1988 1509 1185 3283 2895 3324 2622 1541 2102 2039 3312 3326 241 2918 2284 16 1726 1610 1923 723 3191 2474 1506 3120 21 1737 3195 2806 2331 2605 996 916 901 3020 644 187 1882 2177 1537 1665 2109 2379 2381 3250 697 2407 1551 491 1527 1559 1053 2009 2341 1231 2944 1786 2470 2155 593 2168 1971 3055 3001 3180 1152 878 1410 518 3116 1703 3173 2065 1619 2848 2372 1063 2274 998 2503 437 1728 1736 549 3172 1367 1536 10 2951 1907 3177] [3065 3153 2261 2204 496 3115 1805 1400 1599 261 1458 422 1535 3025 2573 2966 1451 400 1713 1984 3296 716 1734 3267 913 1097 1122 1735 3221 908 468 3126 389 366 1216 102 873 270 1988 1509 1185 3283 2895 3324 2622 1541 2102 2039 3312 3326 241 2918 2284 16 1726 1610 1923 723 3191 2474 1506 3120 21 1737 3195 2806 2331 2605 996 916 901 3020 644 187 1882 2177 1537 1665 2109 2379 2381 3250 697 2407 1551 491 1527 1559 1053 2009 2341 1231 2944 1786 2470 2155 593 2168 1971 3055 3001 3180 1152 878 1410 518 3116 1703 3173 2065 1619 2848 2372 1063 2274 998 2503 437 1728 1736 549 3172 1367 1536 10 2951 1907 3177] [] [] [3065 3153 2261 2204 496 3115 1805 1400 1599 261 1458 422 1535 3025 2573 2966 1451 400 1713 1984 3296 716 1734 3267 913 1097 1122 1735 3221 908 468 3126 389 366 1216 102 873 270 1988 1509 1185 3283 2895 3324 2622 1541 2102 2039 3312 3326 241 2918 2284 16 1726 1610 1923 723 3191 2474 1506 3120 21 1737 3195 2806 2331 2605 996 916 901 3020 644 187 1882 2177 1537 1665 2109 2379 2381 3250 697 2407 1551 491 1527 1559 1053 2009 2341 1231 2944 1786 2470 2155 593 2168 1971 3055 3001 3180 1152 878 1410 518 3116 1703 3173 2065 1619 2848 2372 1063 2274 998 2503 437 1728 1736 549 3172 1367 1536 10 2951 1907 3177] [3065 3153 2261 2204 496 3115 1805 1400 1599 261 1458 422 1535 3025 2573 2966 1451 400 1713 1984 3296 716 1734 3267 913 1097 1122 1735 3221 908 468 3126 389 366 1216 102 873 270 1988 1509 1185 3283 2895 3324 2622 1541 2102 2039 3312 3326 241 2918 2284 16 1726 1610 1923 723 3191 2474 1506 3120 21 1737 3195 2806 2331 2605 996 916 901 3020 644 187 1882 2177 1537 1665 2109 2379 2381 3250 697 2407 1551 491 1527 1559 1053 2009 2341 1231 2944 1786 2470 2155 593 2168 1971 3055 3001 3180 1152 878 1410 518 3116 1703 3173 2065 1619 2848 2372 1063 2274 998 2503 437 1728 1736 549 3172 1367 1536 10 2951 1907 3177] [] [] [] [] [] [] [] [] [] [] [] [] [3065 3153 2261 2204 496 3115 1805 1400 1599 261 1458 422 1535 3025 2573 2966 1451 400 1713 1984 3296 716 1734 3267 913 1097 1122 1735 3221 908 468 3126 389 366 1216 102 873 270 1988 1509 1185 3283 2895 3324 2622 1541 2102 2039 3312 3326 241 2918 2284 16 1726 1610 1923 723 3191 2474 1506 3120 21 1737 3195 2806 2331 2605 996 916 901 3020 644 187 1882 2177 1537 1665 2109 2379 2381 3250 697 2407 1551 491 1527 1559 1053 2009 2341 1231 2944 1786 2470 2155 593 2168 1971 3055 3001 3180 1152 878 1410 518 3116 1703 3173 2065 1619 2848 2372 1063 2274 998 2503 437 1728 1736 549 3172 1367 1536 10 2951 1907 3177] [] [3065 3153 2261 2204 496 3115 1805 1400 1599 261 1458 422 1535 3025 2573 2966 1451 400 1713 1984 3296 716 1734 3267 913 1097 1122 1735 3221 908 468 3126 389 366 1216 102 873 270 1988 1509 1185 3283 2895 3324 2622 1541 2102 2039 3312 3326 241 2918 2284 16 1726 1610 1923 723 3191 2474 1506 3120 21 1737 3195 2806 2331 2605 996 916 901 3020 644 187 1882 2177 1537 1665 2109 2379 2381 3250 697 2407 1551 491 1527 1559 1053 2009 2341 1231 2944 1786 2470 2155 593 2168 1971 3055 3001 3180 1152 878 1410 518 3116 1703 3173 2065 1619 2848 2372 1063 2274 998 2503 437 1728 1736 549 3172 1367 1536 10 2951 1907 3177] [] [] [] [] [] [] [3065 3153 2261 2204 496 3115 1805 1400 1599 261 1458 422 1535 3025 2573 2966 1451 400 1713 1984 3296 716 1734 3267 913 1097 1122 1735 3221 908 468 3126 389 366 1216 102 873 270 1988 1509 1185 3283 2895 3324 2622 1541 2102 2039 3312 3326 241 2918 2284 16 1726 1610 1923 723 3191 2474 1506 3120 21 1737 3195 2806 2331 2605 996 916 901 3020 644 187 1882 2177 1537 1665 2109 2379 2381 3250 697 2407 1551 491 1527 1559 1053 2009 2341 1231 2944 1786 2470 2155 593 2168 1971 3055 3001 3180 1152 878 1410 518 3116 1703 3173 2065 1619 2848 2372 1063 2274 998 2503 437 1728 1736 549 3172 1367 1536 10 2951 1907 3177] [] [] [] [] [] [] [] [3065 3153 2261 2204 496 3115 1805 1400 1599 261 1458 422 1535 3025 2573 2966 1451 400 1713 1984 3296 716 1734 3267 913 1097 1122 1735 3221 908 468 3126 389 366 1216 102 873 270 1988 1509 1185 3283 2895 3324 2622 1541 2102 2039 3312 3326 241 2918 2284 16 1726 1610 1923 723 3191 2474 1506 3120 21 1737 3195 2806 2331 2605 996 916 901 3020 644 187 1882 2177 1537 1665 2109 2379 2381 3250 697 2407 1551 491 1527 1559 1053 2009 2341 1231 2944 1786 2470 2155 593 2168 1971 3055 3001 3180 1152 878 1410 518 3116 1703 3173 2065 1619 2848 2372 1063 2274 998 2503 437 1728 1736 549 3172 1367 1536 10 2951 1907 3177] [] [] [] [] [] [] [] [] [] [] [] [] [] [] [] [] [] [] [] [] [] [] [] [] [1] [] [] [] [] [] []]
------------F[4]-----------
F[4] = [0 0 0 0 0 0 0 1 0 0 0 0 0 0 0 0 0 0 0 0 0 0 0 0 0 0 0 0 0 0 0 0 0 0 0 0 0 0 0 0 0 0 0 0 0 0 0 0 0 0 0 0 0 0 0 0 0 0 0 0 0 0 0 0 0 0 0 0 0 0 0 0 0 0 0 0 0 0 0 0 0 0 0 0 0 0 0 0 0 0 0 0 0 0 0 0 0 0 0 0 0 0 0 0 0 0 0 0 0 0 0 0 0 0 0 0 0 0 0 0 0 0 0 0 0 0 0 0 0 0 0 0 0 0 0 0 0 0 0 0 0 0 0 0 0 0 0 0 0 0 0 0 0 0 0 0 0 0 0 0 0 0 0 0 0 0 0 0 0 0 0 0 0 0 0 0 0 0 0 0 0 0 0 0 0 0 0 0 0 0 0 0 0 0 0 0 0 0 0 0 0 0 0 0 0 0 0 0 0 0 0 0 0 0 0 0 0 0 0 0 0 0 0 0 0 0 0 0 0 0 0 0 0 0 0 0 0 0 0 0 0 0 0 0 0 0 0 0 0 0 0 0 0 0 0 0 0 0 0 0 0 0 0 0 0 0 0 0 0 0 0 0 0 0 0 0 0 0 0 0 0 0 0 0 0 0 0 0 0 0 0 0 0 0 0 0 0 0 0 0 0 0 0 0 0 0 0 0 0 0 0 0 0 0 0 0 0 0 0 0 0 0 0 0 0 0 0 0 0 0 0 0 0 0 0 0 0 0 0 0 0 0 0 0 0 0 0 0 0 0 0 0 0 0 0 0 0 0 0 0 0 0 0 0 0 0 0 0 0 0 0 0 0 0 0 0 0 0 0 0 0 0 0 0 0 0 0 0 0 0 0 0 0 0 0 0 0 0 0 0 0 0 0 0 0 0 0 0 0 0 0 0 0 0 0 0 0 0 0 0 0 0 0 0 0 0 0 0 0 0 0 0 0 0 0 0 0 0 0 0 0 0 0 0 0 0 0 0 0 0 0 0 0 0 0]
u_g = [[858 2783 1295 196 981 2677 671 614 2529 132 2661 2546 1498 1947 2027 935 409 571 2500 491 2727 2878 2591 3059 723 3175 781 1483 27 1530 2732 3027 1440 820 2541 396 1590 103 2629 2800 1144 3327 853 2906 61 1776 1201 1393 2285 2897 2994 1866 3056 945 1854 443 1871 972 3160 2270 1867 3132 2264 521 3042 1624 2673 3316 2546 331 2035 180 1616 2968 2761 2097 1017 2869 1911 1273 2982 3033 394 2765 3051 2084 2921 1800 2226 728 2704 3128 276 779 775 613 2843 1783 1842 895 2119 2811 2132 1157 2727 1883 2475 407 679 2109 2759 1264 72 1321 2948 154 3096 2742 552 2734 1069 2219 1512 2438 1667 886 1611 2994] [840 2135 3049 2062 1760 1068 183 1538 770 38 3286 2822 2508 2917 1804 91 590 2267 930 1284 2404 3261 391 2273 646 1998 2808 2647 304 513 2479 1072 467 341 232 2161 848 2528 2797 380 2610 2007 1552 417 2626 1606 337 3184 175 2506 2767 573 762 2790 3099 2019 2851 1057 1486 2920 1587 564 376 2483 709 2411 1837 2399 2922 2598 2826 537 2356 113 2897 3209 3028 369 694 1393 2325 401 806 1715 13 2190 2872 1974 1886 1023 3114 2846 3207 1561 263 1001 2460 642 3213 2313 820 483 2810 2097 2063 2177 3022 257 180 213 2987 1640 1240 1468 1831 1625 2307 2646 3042 287 121 1214 2812 2147 3055 788 2980 1972] [] [] [] [] [] [] [2227 1934 3147 48 1661 1621 1269 94 1167 2858 2319 2246 226 670 1924 2813 3304 3299 2722 1922 2472 2685 1928 1861 355 1772 66 602 1594 1703 1928 1478 456 173 3156 539 892 2039 2654 2086 2258 1318 3236 2406 1493 344 2115 426 2547 595 168 1920 2563 3194 1300 2624 3143 1182 779 2333 1473 2573 2087 2764 1485 1708 2715 2359 2374 1477 2083 2168 2165 1043 1183 1895 289 1019 1166 2361 3217 1098 2457 2726 11 1946 2300 1251 370 881 737 1344 3135 1704 2391 327 3164 2039 1179 957 996 2473 2772 2766 590 28 2597 3177 1959 2428 2942 3296 2043 2650 2393 3266 85 450 532 299 42 2240 1798 3144 3064 303 194 1916] [] [] [] [] [] [2602 1320 1923 2877 1177 1142 2337 2096 697 3127 1726 3164 1982 350 2693 3307 1995 677 952 2916 843 2016 764 1104 89 2758 18 3113 2638 192 3025 2676 1621 642 1559 706 392 1939 1863 2658 84 1261 1515 3164 1 1363 2432 2671 631 2515 2280 1996 770 1954 961 929 1782 290 1704 1861 991 1452 3132 3033 1136 181 2545 1385 1428 858 344 453 1907 222 2934 219 2323 1791 3240 2803 981 1983 604 4 2449 2201 879 2417 2271 2107 3241 1020 2268 1652 1923 1947 1214 756 3141 1431 658 2648 1157 2052 2730 3186 3314 181 683 520 1098 714 1798 3323 5 1461 883 2360 1740 1902 895 1161 1261 2661 117 2425 2616 2191] [] [] [] [] [] [] [2801 2977 1193 1079 992 2901 281 2800 3198 522 2916 844 3070 2721 1817 2603 2902 800 97 639 3263 1432 139 3205 1826 2194 2244 141 3113 1816 936 2923 778 732 2432 204 1746 540 647 3018 2370 3237 2461 3319 1915 3082 875 749 3295 3323 482 2507 1239 32 123 3220 517 1446 3053 1619 3012 2911 42 145 3061 2283 1333 1881 1992 1832 1802 2711 1288 374 435 1025 3074 1 889 1429 1433 3171 1394 1485 3102 982 3054 3118 2106 689 1353 2462 2559 243 1611 981 1186 1007 613 2781 2673 3031 2304 1756 2820 1036 2903 77 3017 801 3238 2367 1415 2126 1219 1996 1677 874 127 143 1098 3015 2734 3072 20 2573 485 3025] [] [] [] [] [] [] [] [] [] [] [] [] [] [] [] [] [] [] [] [] [] [] [] [] [] [] [] [] [] [] [] [] [] [] [] [] [] [] [] [] [] [] [] [] [] [] [] [] [] [] [] [] [] [] [] [] [] [] [] [] [] [] [] [] [] [] [] [] [] [] [] [] [] [] [] [] [] [] [] [] [] [] [] [] [] [] [] [1] [] [] [] [] []]
------------F[5]-----------
F[5] = [1 0 1 0 0 0 0 0 1 0 0 0 0 0 0 0 0 0 0 0 0 0 0 0 0 0 0 0 0 0 0 0 0 0 0 0 0 0 0 0 0 0 0 0 0 0 0 0 0 0 0 0 0 0 0 0 0 0 0 0 0 0 0 0 0 0 0 0 0 0 0 0 0 0 0 0 0 0 0 0 0 0 0 0 0 0 0 0 0 0 0 0 0 0 0 0 0 0 0 0 0 0 0 0 0 0 0 0 0 0 0 0 0 0 0 0 0 0 0 0 0 0 0 0 0 0 0 0 0 0 0 0 0 0 0 0 0 0 0 0 0 0 0 0 0 0 0 0 0 0 0 0 0 0 0 0 0 0 0 0 0 0 0 0 0 0 0 0 0 0 0 0 0 0 0 0 0 0 0 0 0 0 0 0 0 0 0 0 0 0 0 0 0 0 0 0 0 0 0 0 0 0 0 0 0 0 0 0 0 0 0 0 0 0 0 0 0 0 0 0 0 0 0 0 0 0 0 0 0 0 0 0 0 0 0 0 0 0 0 0 0 0 0 0 0 0 0 0 0 0 0 0 0 0 0 0 0 0 0 0 0 0 0 0 0 0 0 0 0 0 0 0 0 0 0 0 0 0 0 0 0 0 0 0 0 0 0 0 0 0 0 0 0 0 0 0 0 0 0 0 0 0 0 0 0 0 0 0 0 0 0 0 0 0 0 0 0 0 0 0 0 0 0 0 0 0 0 0 0 0 0 0 0 0 0 0 0 0 0 0 0 0 0 0 0 0 0 0 0 0 0 0 0 0 0 0 0 0 0 0 0 0 0 0 0 0 0 0 0 0 0 0 0 0 0 0 0 0 0 0 0 0 0 0 0 0 0 0 0 0 0 0 0 0 0 0 0 0 0 0 0 0 0 0 0 0 0 0 0 0 0 0 0 0 0 0 0 0 0 0 0 0 0 0 0 0 0 0 0 0 0 0 0 0 0 0 0 0 0 0 0 0 0 0 0 0 0 0 0 0 0 0 0 0 0]
u_g = [[48 2633 1709 3206 1804 208 1876 1064 3198 1152 2323 1645 152 759 3098 2861 413 649 2631 13 1939 1294 2602 286 2546 2510 95 967 1508 1750 101 1786 2958 1060 2548 1925 1366 3327 124 901 2600 526 2469 1352 3084 2255 1385 716 644 2268 3024 956 1053 36 2133 542 2095 873 3319 2599 1380 75 2807 574 2910 2428 1766 2210 2269 2500 1189 265 945 503 2983 93 1470 1337 2973 1342 1213 1266 2900 1193 737 242 2869 2314 220 1184 965 6 2934 644 2464 895 2216 2694 1300 1434 2397 301 360 312 1606 1997 705 2414 1507 2195 2206 1000 2478 1296 1837 710 455 874 3186 467 2746 1936 1046 745 1876 614 535 52] [1240 2499 714 1881 2832 532 458 1831 1125 720 2492 1309 3243 836 1409 3245 356 931 164 3081 2617 1957 2935 2333 1017 1100 475 3261 1744 3139 99 2891 2898 1870 682 399 990 1373 2550 1619 1377 1318 80 1292 456 1395 1908 2453 2952 2548 2222 3265 1840 3146 198 3019 2326 632 281 535 977 306 690 1900 39 776 2787 2217 155 35 208 1272 937 3142 3150 2656 2997 2856 1279 366 3171 1345 1541 972 3274 1858 764 1998 1454 394 708 2822 555 214 1700 2535 2661 2098 1721 136 302 227 1608 1947 1423 1474 295 2759 2144 2286 2299 942 2388 2977 1949 3220 1890 725 3000 241 1353 625 2471 1164 2768 284 2764 420] [] [2227 1934 3147 48 1661 1621 1269 94 1167 2858 2319 2246 226 670 1924 2813 3304 3299 2722 1922 2472 2685 1928 1861 355 1772 66 602 1594 1703 1928 1478 456 173 3156 539 892 2039 2654 2086 2258 1318 3236 2406 1493 344 2115 426 2547 595 168 1920 2563 3194 1300 2624 3143 1182 779 2333 1473 2573 2087 2764 1485 1708 2715 2359 2374 1477 2083 2168 2165 1043 1183 1895 289 1019 1166 2361 3217 1098 2457 2726 11 1946 2300 1251 370 881 737 1344 3135 1704 2391 327 3164 2039 1179 957 996 2473 2772 2766 590 28 2597 3177 1959 2428 2942 3296 2043 2650 2393 3266 85 450 532 299 42 2240 1798 3144 3064 303 194 1916] [] [] [] [] [] [2227 1934 3147 48 1661 1621 1269 94 1167 2858 2319 2246 226 670 1924 2813 3304 3299 2722 1922 2472 2685 1928 1861 355 1772 66 602 1594 1703 1928 1478 456 173 3156 539 892 2039 2654 2086 2258 1318 3236 2406 1493 344 2115 426 2547 595 168 1920 2563 3194 1300 2624 3143 1182 779 2333 1473 2573 2087 2764 1485 1708 2715 2359 2374 1477 2083 2168 2165 1043 1183 1895 289 1019 1166 2361 3217 1098 2457 2726 11 1946 2300 1251 370 881 737 1344 3135 1704 2391 327 3164 2039 1179 957 996 2473 2772 2766 590 28 2597 3177 1959 2428 2942 3296 2043 2650 2393 3266 85 450 532 299 42 2240 1798 3144 3064 303 194 1916] [] [] [] [] [1765 281 2921 1987 2704 926 89 319 1521 1742 2967 701 3230 156 2673 804 2967 1168 1438 2253 2008 1971 2095 435 2155 2582 2592 836 3248 1624 1016 2337 273 2861 1612 401 326 1744 1268 3128 1161 2376 1993 136 905 450 1054 1030 92 3004 1372 2793 2129 1389 780 1990 1131 3306 3206 1069 345 182 792 2715 2171 1904 2547 1661 2747 1544 713 33 3163 2474 1737 1206 850 351 1410 3304 1840 658 1444 2963 58 1247 197 1883 2230 2572 1964 2888 1506 1331 336 2431 2760 1512 2547 1895 2016 2080 568 2629 1156 469 1719 113 2876 3003 1536 1474 1184 3028 703 1605 1598 2750 2115 2216 120 700 563 567 591 159 559 1386] [] [2801 2977 1193 1079 992 2901 281 2800 3198 522 2916 844 3070 2721 1817 2603 2902 800 97 639 3263 1432 139 3205 1826 2194 2244 141 3113 1816 936 2923 778 732 2432 204 1746 540 647 3018 2370 3237 2461 3319 1915 3082 875 749 3295 3323 482 2507 1239 32 123 3220 517 1446 3053 1619 3012 2911 42 145 3061 2283 1333 1881 1992 1832 1802 2711 1288 374 435 1025 3074 1 889 1429 1433 3171 1394 1485 3102 982 3054 3118 2106 689 1353 2462 2559 243 1611 981 1186 1007 613 2781 2673 3031 2304 1756 2820 1036 2903 77 3017 801 3238 2367 1415 2126 1219 1996 1677 874 127 143 1098 3015 2734 3072 20 2573 485 3025] [] [] [] [] [] [2801 2977 1193 1079 992 2901 281 2800 3198 522 2916 844 3070 2721 1817 2603 2902 800 97 639 3263 1432 139 3205 1826 2194 2244 141 3113 1816 936 2923 778 732 2432 204 1746 540 647 3018 2370 3237 2461 3319 1915 3082 875 749 3295 3323 482 2507 1239 32 123 3220 517 1446 3053 1619 3012 2911 42 145 3061 2283 1333 1881 1992 1832 1802 2711 1288 374 435 1025 3074 1 889 1429 1433 3171 1394 1485 3102 982 3054 3118 2106 689 1353 2462 2559 243 1611 981 1186 1007 613 2781 2673 3031 2304 1756 2820 1036 2903 77 3017 801 3238 2367 1415 2126 1219 1996 1677 874 127 143 1098 3015 2734 3072 20 2573 485 3025] [] [] [] [] [] [] [] [] [] [] [] [] [] [] [] [] [] [] [] [] [] [] [] [] [] [] [] [] [] [] [] [] [] [] [] [] [] [] [] [] [] [] [] [] [] [] [] [] [] [] [] [] [] [] [] [] [] [] [] [] [] [] [] [] [] [] [] [] [] [] [] [] [] [] [] [] [] [] [] [] [] [] [] [] [] [] [] [1] [] [] [] []]
------------F[6]-----------
F[6] = [0 0 1 0 0 0 0 1 0 0 1 0 1 0 0 0 0 0 0 0 0 0 0 0 0 0 0 0 0 0 0 0 0 0 0 1 0 0 0 0 1 1 0 0 0 0 0 0 0 0 0 0 0 0 0 0 0 0 0 0 0 0 0 0 0 0 0 0 0 0 0 0 0 0 1 0 0 0 0 0 1 0 0 0 0 0 0 0 0 0 0 0 0 0 0 0 0 0 0 0 0 0 0 0 0 0 0 0 0 0 0 0 0 0 0 0 0 0 0 0 0 0 0 0 0 0 0 0 0 0 0 0 0 0 0 0 0 0 0 0 0 0 0 0 0 0 0 0 0 0 0 0 0 0 0 0 0 0 0 0 0 0 0 0 0 0 0 0 0 0 0 0 0 0 0 0 0 0 0 0 0 0 0 0 0 0 0 0 0 0 0 0 0 0 0 0 0 0 0 0 0 0 0 0 0 0 0 0 0 0 0 0 0 0 0 0 0 0 0 0 0 0 0 0 0 0 0 0 0 0 0 0 0 0 0 0 0 0 0 0 0 0 0 0 0 0 0 0 0 0 0 0 0 0 0 0 0 0 0 0 0 0 0 0 0 0 0 0 0 0 0 0 0 0 0 0 0 0 0 0 0 0 0 0 0 0 0 0 0 0 0 0 0 0 0 0 0 0 0 0 0 0 0 0 0 0 0 0 0 0 0 0 0 0 0 0 0 0 0 0 0 0 0 0 0 0 0 0 0 0 0 0 0 0 0 0 0 0 0 0 0 0 0 0 0 0 0 0 0 0 0 0 0 0 0 0 0 0 0 0 0 0 0 0 0 0 0 0 0 0 0 0 0 0 0 0 0 0 0 0 0 0 0 0 0 0 0 0 0 0 0 0 0 0 0 0 0 0 0 0 0 0 0 0 0 0 0 0 0 0 0 0 0 0 0 0 0 0 0 0 0 0 0 0 0 0 0 0 0 0 0 0 0 0 0 0 0 0 0 0 0 0 0 0 0 0 0 0 0 0 0 0 0 0 0]
u_g = [[1018 1930 2842 604 658 1835 3035 29 42 914 2434 3302 913 2033 1625 3164 250 51 1365 635 2053 1102 2441 3144 2684 276 2768 608 101 459 790 2688 2253 3196 3250 1128 1650 1286 2954 1537 1257 2284 1034 1876 2918 309 2360 2032 1744 2767 2284 796 2557 884 120 2583 3160 2543 517 202 3022 2747 2988 2246 2056 1583 29 3276 2800 2414 745 2223 1392 1229 645 1000 2239 149 179 2669 3149 1543 2966 125 1 737 2305 595 1395 2642 1057 2774 2092 2118 267 1376 451 3207 609 1372 2933 1834 72 346 3321 3215 2825 2660 3035 2529 2699 1430 1996 409 1435 483 2939 1557 2592 1962 1778 1806 1501 2553 2833 775 2769 2315] [808 2265 1414 1371 1401 547 2089 2648 1696 402 240 2301 1154 3027 77 2062 550 2561 2508 1737 634 117 3209 964 3211 6 712 1847 2869 1074 3206 81 473 2187 2303 188 3072 1773 2555 3270 1697 41 1323 1126 574 1271 1687 2479 771 3229 583 1788 1851 1951 2292 1467 1340 3165 1420 1319 2567 2316 2830 1008 3272 2385 2574 1267 2129 1622 1573 2070 3308 2038 362 2604 2455 1185 2685 382 2315 1457 1609 1987 2535 1 1007 1436 1044 759 1532 549 2167 3283 1468 2325 86 331 2564 3063 3228 3295 3161 3019 1884 791 1301 308 1986 1825 551 2831 3266 3117 872 976 606 87 3180 3301 2800 1371 1962 2796 1657 202 2944 3035] [] [2049 3244 444 1546 1728 174 1506 617 1291 2366 2511 911 1192 2609 3090 465 928 1503 2708 714 723 1843 2860 1408 2428 2746 1508 18 413 2926 1038 308 1355 2331 735 2536 1826 2929 1265 614 1162 2861 1239 2927 206 2651 1951 769 1257 1136 1896 1310 1825 1332 742 2756 331 1762 3216 832 682 2951 1906 2062 118 3127 2950 1381 2693 2588 406 1467 1630 854 24 2227 235 255 1853 222 2440 3254 920 1920 425 939 53 1889 58 1815 2107 1506 390 2195 807 1205 496 824 2285 184 859 1558 113 2594 1885 2041 3268 2283 1753 1587 2475 267 121 2359 2488 1446 2085 3103 341 2459 2140 268 449 2231 3056 1178 255 1522] [2349 1565 38 458 2516 2071 1061 2824 1388 39 1933 2455 174 78 2936 2832 2121 3155 3054 2715 1748 1894 2256 1096 1773 2511 3211 643 630 1913 3177 2681 926 3274 449 1280 1455 2765 507 3197 1602 2552 1582 1552 2396 379 6 615 3079 3284 562 664 828 878 2604 1357 244 1365 1117 1133 1315 1018 1242 654 232 2094 2244 1924 2107 317 1236 1267 823 2088 2935 2050 1957 2412 507 2432 2116 1573 188 2576 2976 2632 844 1940 3105 2303 3018 100 2228 615 2448 1416 67 1488 2105 2043 879 554 2789 708 166 2805 3036 1471 2580 1556 691 93 1213 1313 1731 322 1894 2199 1509 1829 3175 1296 1534 352 341 3195 483 2894] [] [] [] [2950 1730 1835 315 657 1904 3129 1694 2455 2380 683 466 2019 1683 1146 2599 3108 787 2978 3017 2466 215 1211 1000 2394 2345 1604 1426 1294 3132 2453 814 1305 1200 111 2700 2776 2094 2413 712 1198 1399 1059 1946 2551 2385 321 2759 2144 378 746 2082 1221 3169 3130 235 1160 1082 1478 2097 1907 324 1464 1329 2825 3177 3049 653 1722 2713 1809 2554 1167 1596 2953 1851 889 1231 1435 36 246 2901 2653 1478 102 197 1726 253 1745 2073 2246 1430 2841 1666 3177 1618 1684 192 154 2211 2329 2053 3327 1585 359 329 415 1550 411 2810 2189 3221 2031 2975 673 849 2701 3122 2239 2554 1909 964 1627 2759 286 1009 119 727] [2555 1187 370 1601 1462 822 2772 2064 2108 2223 2184 1766 1837 2846 1600 1401 2292 2134 2773 286 1705 142 2262 2052 921 282 626 882 3136 555 19 99 1484 19 2529 2714 3328 2100 2520 1828 2196 1966 2897 98 64 1329 1392 722 2403 3229 1493 731 1279 1583 2626 1896 704 1025 1782 891 1894 1718 1393 2806 2991 1774 14 2300 1030 2762 3264 3065 1212 1194 1671 3197 1135 503 1635 2898 1227 1662 2007 1207 15 2320 2851 1259 3188 3246 226 2343 305 2761 1566 2398 797 2410 2106 2604 2749 323 2857 271 1431 668 9 3223 1515 8 991 2603 264 2108 1145 1455 3183 159 1374 1794 2091 2076 1036 943 1168 391 618 1135] [] [2227 1934 3147 48 1661 1621 1269 94 1167 2858 2319 2246 226 670 1924 2813 3304 3299 2722 1922 2472 2685 1928 1861 355 1772 66 602 1594 1703 1928 1478 456 173 3156 539 892 2039 2654 2086 2258 1318 3236 2406 1493 344 2115 426 2547 595 168 1920 2563 3194 1300 2624 3143 1182 779 2333 1473 2573 2087 2764 1485 1708 2715 2359 2374 1477 2083 2168 2165 1043 1183 1895 289 1019 1166 2361 3217 1098 2457 2726 11 1946 2300 1251 370 881 737 1344 3135 1704 2391 327 3164 2039 1179 957 996 2473 2772 2766 590 28 2597 3177 1959 2428 2942 3296 2043 2650 2393 3266 85 450 532 299 42 2240 1798 3144 3064 303 194 1916] [420 2732 3189 1031 880 534 1756 769 385 19 1643 1411 1254 3123 902 1710 295 2798 465 642 1202 3295 1860 2801 323 999 1404 2988 152 1921 2904 536 1898 1835 116 2745 424 1264 3063 190 1305 2668 776 1873 1313 803 1833 1592 1752 1253 3048 1951 381 1395 3214 2674 3090 2193 743 1460 2458 282 188 2906 2019 2870 2583 2864 1461 1299 1413 1933 1178 1721 3113 3269 1514 1849 347 2361 2827 1865 403 2522 1671 1095 1436 987 943 2176 1557 1423 3268 2445 1796 2165 1230 321 3271 2821 410 1906 1405 2713 2696 2753 1511 1793 90 1771 3158 820 620 734 2580 2477 2818 1323 1521 1808 1725 607 1406 2738 3192 394 1490 986] [1171 1947 448 2581 2250 1120 1259 2533 3308 2260 1751 1196 3173 83 1407 216 1855 2145 2050 2244 1737 2965 2168 236 331 2993 1869 2994 75 718 750 2371 1221 2513 2092 3259 49 2996 3277 1431 1224 0 1751 2772 1146 2190 1561 2678 1867 2641 1027 2337 1303 3305 2778 1862 1256 3054 3080 2430 3081 531 966 2897 2606 2863 36 3258 555 2608 727 2881 2715 2714 2648 2045 1354 2583 1721 667 3306 1788 2871 2452 3296 3285 2561 2038 542 1421 1650 739 2039 2584 1319 1104 1413 1694 271 1254 2982 2206 2747 1255 2081 723 2178 3120 1757 3258 1343 2152 1837 1828 3107 3306 2567 1802 1234 3300 2320 857 2001 2339 3181 1655 1285 2581] [2774 1562 2571 845 1567 480 916 1719 145 297 1936 2240 966 2575 1432 141 1210 1947 1399 2274 363 528 2476 225 2938 1677 3228 1080 3278 2526 1014 394 547 1896 2530 738 2686 1758 2984 3206 2264 792 3282 970 316 1681 1594 1588 3111 3141 74 2335 3102 2146 2776 1581 610 778 2326 2734 1569 3175 3082 1367 648 682 2406 3205 167 990 2080 2346 2393 450 2380 639 3288 1710 3105 2149 3299 888 3084 2832 2641 3039 1203 1511 1765 650 2498 2996 1815 2224 1277 1093 2861 2379 855 472 952 2676 1529 2244 276 1195 632 1297 2083 2007 254 1896 2524 238 1269 2595 747 2433 1949 1761 1185 949 180 2614 3122 1724 875 375] [] [1188 669 609 3294 1991 3225 3191 252 1116 2240 1964 3288 279 445 3248 674 2227 283 1855 431 2876 443 3320 2308 1530 616 2416 1248 1781 478 3241 3290 681 832 1810 1828 2471 656 1070 199 780 2021 2015 679 1165 1483 2130 645 2760 697 1093 1072 24 879 224 1721 1708 3136 2384 1018 1922 944 2171 369 18 2304 485 1402 482 1800 1717 3142 2315 3305 1564 2289 256 3225 1621 1857 2482 2725 1381 1752 2264 781 2029 2565 1907 1296 3169 1322 1596 3050 2767 2410 1027 2229 949 2949 2315 2264 51 2777 2894 2888 1294 1539 2181 2688 2605 524 1606 2541 555 2031 1288 845 1353 1758 3185 599 1732 1485 56 1191 2275 1489] [309 1031 1378 592 794 651 3138 441 713 93 3072 1395 1481 1846 873 3256 2481 197 2315 2625 9 12 337 1540 2231 4 2440 2117 2305 117 2119 2054 507 205 1796 1104 785 1450 834 2933 2756 893 1714 1895 209 2088 207 1423 1058 415 3044 2876 2932 2114 44 2827 2433 2815 1551 1298 373 2054 1897 328 709 3178 869 545 2887 1557 2129 1143 2020 214 1538 2495 872 1697 2873 1591 1810 930 2391 1635 416 196 778 1202 2231 903 1814 3187 358 2579 3129 137 1122 2074 2181 613 1087 877 1419 322 2975 2123 2005 1977 2609 1728 3155 2892 2997 1158 2094 1671 2379 2354 423 298 14 2918 3012 2914 125 2180 1178 2017] [] [] [] [572 661 800 1867 327 1242 2552 2652 2385 1063 1116 762 2834 465 2279 1698 433 323 1186 2457 1074 3224 2433 1577 2360 1694 1050 3219 998 654 1308 719 1328 1182 1046 2285 1876 451 406 1675 1770 613 183 62 321 1687 1982 405 2144 2756 54 2075 2658 2905 566 263 860 2107 452 3062 2835 593 659 970 467 1070 2735 1247 1318 781 1098 1356 1028 2173 228 501 1419 1086 1617 656 2565 2684 1890 2542 2574 1295 2912 2279 1886 1598 401 2905 1500 1279 2744 1403 1863 3082 1458 788 617 2243 544 2757 2297 672 18 1821 741 1818 2998 1283 1166 1639 1480 2868 1123 560 583 3200 1242 1672 1092 1625 1175 1488 2857 3004] [1351 3089 2332 608 830 1895 2965 2608 666 1653 1024 2946 2540 489 2874 2604 953 1693 1963 476 2822 2370 1568 1338 3069 3057 1247 877 2373 2966 2217 735 1366 1162 1065 2697 1197 634 768 3307 1938 2045 2438 3090 955 1631 1735 423 1592 718 2282 3167 3251 1943 1248 1307 3282 1664 1970 874 2806 319 933 238 893 1495 1014 1641 735 2731 2606 2996 735 1854 3127 2482 1812 915 1278 1085 98 2306 499 250 898 1715 870 878 1198 3118 791 1642 573 1500 1940 1266 1403 1950 2897 894 2648 2873 1880 277 812 2610 1690 780 2147 3204 3235 498 2597 1588 2174 678 3100 1977 3151 2042 899 2891 391 2628 2315 3253 3262 2446] [] [2801 2977 1193 1079 992 2901 281 2800 3198 522 2916 844 3070 2721 1817 2603 2902 800 97 639 3263 1432 139 3205 1826 2194 2244 141 3113 1816 936 2923 778 732 2432 204 1746 540 647 3018 2370 3237 2461 3319 1915 3082 875 749 3295 3323 482 2507 1239 32 123 3220 517 1446 3053 1619 3012 2911 42 145 3061 2283 1333 1881 1992 1832 1802 2711 1288 374 435 1025 3074 1 889 1429 1433 3171 1394 1485 3102 982 3054 3118 2106 689 1353 2462 2559 243 1611 981 1186 1007 613 2781 2673 3031 2304 1756 2820 1036 2903 77 3017 801 3238 2367 1415 2126 1219 1996 1677 874 127 143 1098 3015 2734 3072 20 2573 485 3025] [2602 1320 1923 2877 1177 1142 2337 2096 697 3127 1726 3164 1982 350 2693 3307 1995 677 952 2916 843 2016 764 1104 89 2758 18 3113 2638 192 3025 2676 1621 642 1559 706 392 1939 1863 2658 84 1261 1515 3164 1 1363 2432 2671 631 2515 2280 1996 770 1954 961 929 1782 290 1704 1861 991 1452 3132 3033 1136 181 2545 1385 1428 858 344 453 1907 222 2934 219 2323 1791 3240 2803 981 1983 604 4 2449 2201 879 2417 2271 2107 3241 1020 2268 1652 1923 1947 1214 756 3141 1431 658 2648 1157 2052 2730 3186 3314 181 683 520 1098 714 1798 3323 5 1461 883 2360 1740 1902 895 1161 1261 2661 117 2425 2616 2191] [2029 457 660 3112 2208 1140 1613 2248 3251 1481 1509 279 1695 460 100 1167 1516 768 3054 269 2041 1255 361 497 1242 1485 1470 2430 27 716 548 2540 3213 2495 396 299 2782 1474 2609 1619 3305 2422 2427 141 1612 2238 2281 2320 109 3007 1131 3204 3174 1373 2383 380 2537 2583 15 1924 2168 391 771 978 2305 2427 216 2385 1751 628 3141 342 2519 2287 3184 2358 2642 2015 2630 925 2788 737 747 556 1836 756 1999 324 1177 563 2952 1657 1891 2874 1195 276 2167 2673 576 2169 2344 2229 2745 1751 3075 3280 1932 1739 3032 938 3246 1955 2141 1965 1758 607 2424 2313 387 480 2900 857 2525 2360 581 537 1981 1538] [] [] [] [] [] [] [] [] [] [] [] [] [] [] [] [] [] [] [] [] [] [] [3065 3153 2261 2204 496 3115 1805 1400 1599 261 1458 422 1535 3025 2573 2966 1451 400 1713 1984 3296 716 1734 3267 913 1097 1122 1735 3221 908 468 3126 389 366 1216 102 873 270 1988 1509 1185 3283 2895 3324 2622 1541 2102 2039 3312 3326 241 2918 2284 16 1726 1610 1923 723 3191 2474 1506 3120 21 1737 3195 2806 2331 2605 996 916 901 3020 644 187 1882 2177 1537 1665 2109 2379 2381 3250 697 2407 1551 491 1527 1559 1053 2009 2341 1231 2944 1786 2470 2155 593 2168 1971 3055 3001 3180 1152 878 1410 518 3116 1703 3173 2065 1619 2848 2372 1063 2274 998 2503 437 1728 1736 549 3172 1367 1536 10 2951 1907 3177] [] [] [] [] [3065 3153 2261 2204 496 3115 1805 1400 1599 261 1458 422 1535 3025 2573 2966 1451 400 1713 1984 3296 716 1734 3267 913 1097 1122 1735 3221 908 468 3126 389 366 1216 102 873 270 1988 1509 1185 3283 2895 3324 2622 1541 2102 2039 3312 3326 241 2918 2284 16 1726 1610 1923 723 3191 2474 1506 3120 21 1737 3195 2806 2331 2605 996 916 901 3020 644 187 1882 2177 1537 1665 2109 2379 2381 3250 697 2407 1551 491 1527 1559 1053 2009 2341 1231 2944 1786 2470 2155 593 2168 1971 3055 3001 3180 1152 878 1410 518 3116 1703 3173 2065 1619 2848 2372 1063 2274 998 2503 437 1728 1736 549 3172 1367 1536 10 2951 1907 3177] [3065 3153 2261 2204 496 3115 1805 1400 1599 261 1458 422 1535 3025 2573 2966 1451 400 1713 1984 3296 716 1734 3267 913 1097 1122 1735 3221 908 468 3126 389 366 1216 102 873 270 1988 1509 1185 3283 2895 3324 2622 1541 2102 2039 3312 3326 241 2918 2284 16 1726 1610 1923 723 3191 2474 1506 3120 21 1737 3195 2806 2331 2605 996 916 901 3020 644 187 1882 2177 1537 1665 2109 2379 2381 3250 697 2407 1551 491 1527 1559 1053 2009 2341 1231 2944 1786 2470 2155 593 2168 1971 3055 3001 3180 1152 878 1410 518 3116 1703 3173 2065 1619 2848 2372 1063 2274 998 2503 437 1728 1736 549 3172 1367 1536 10 2951 1907 3177] [] [] [] [] [] [] [] [] [] [] [] [] [] [] [] [] [] [] [] [] [] [] [] [] [] [] [] [] [] [] [] [] [3065 3153 2261 2204 496 3115 1805 1400 1599 261 1458 422 1535 3025 2573 2966 1451 400 1713 1984 3296 716 1734 3267 913 1097 1122 1735 3221 908 468 3126 389 366 1216 102 873 270 1988 1509 1185 3283 2895 3324 2622 1541 2102 2039 3312 3326 241 2918 2284 16 1726 1610 1923 723 3191 2474 1506 3120 21 1737 3195 2806 2331 2605 996 916 901 3020 644 187 1882 2177 1537 1665 2109 2379 2381 3250 697 2407 1551 491 1527 1559 1053 2009 2341 1231 2944 1786 2470 2155 593 2168 1971 3055 3001 3180 1152 878 1410 518 3116 1703 3173 2065 1619 2848 2372 1063 2274 998 2503 437 1728 1736 549 3172 1367 1536 10 2951 1907 3177] [] [] [] [] [] [3065 3153 2261 2204 496 3115 1805 1400 1599 261 1458 422 1535 3025 2573 2966 1451 400 1713 1984 3296 716 1734 3267 913 1097 1122 1735 3221 908 468 3126 389 366 1216 102 873 270 1988 1509 1185 3283 2895 3324 2622 1541 2102 2039 3312 3326 241 2918 2284 16 1726 1610 1923 723 3191 2474 1506 3120 21 1737 3195 2806 2331 2605 996 916 901 3020 644 187 1882 2177 1537 1665 2109 2379 2381 3250 697 2407 1551 491 1527 1559 1053 2009 2341 1231 2944 1786 2470 2155 593 2168 1971 3055 3001 3180 1152 878 1410 518 3116 1703 3173 2065 1619 2848 2372 1063 2274 998 2503 437 1728 1736 549 3172 1367 1536 10 2951 1907 3177] [] [] [] [] [] [] [] [] [] [] [] [] [] [] [] [] [1] [] [] []]
------------F[7]-----------
F[7] = [0 0 0 0 0 0 0 0 0 1 0 0 0 0 0 0 0 0 0 0 0 0 0 0 0 0 0 0 0 0 0 0 0 0 0 0 0 0 0 0 0 0 0 0 0 0 0 0 0 0 0 0 0 0 0 0 0 0 0 0 0 0 0 0 0 0 0 0 0 0 0 0 0 0 0 0 0 0 0 0 0 0 0 0 0 0 0 0 0 0 0 0 0 0 0 0 0 0 0 0 0 0 0 0 0 0 0 0 0 0 0 0 0 0 0 0 0 0 0 0 0 0 0 0 0 0 0 0 0 0 0 0 0 0 0 0 0 0 0 0 0 0 0 0 0 0 0 0 0 0 0 0 0 0 0 0 0 0 0 0 0 0 0 0 0 0 0 0 0 0 0 0 0 0 0 0 0 0 0 0 0 0 0 0 0 0 0 0 0 0 0 0 0 0 0 0 0 0 0 0 0 0 0 0 0 0 0 0 0 0 0 0 0 0 0 0 0 0 0 0 0 0 0 0 0 0 0 0 0 0 0 0 0 0 0 0 0 0 0 0 0 0 0 0 0 0 0 0 0 0 0 0 0 0 0 0 0 0 0 0 0 0 0 0 0 0 0 0 0 0 0 0 0 0 0 0 0 0 0 0 0 0 0 0 0 0 0 0 0 0 0 0 0 0 0 0 0 0 0 0 0 0 0 0 0 0 0 0 0 0 0 0 0 0 0 0 0 0 0 0 0 0 0 0 0 0 0 0 0 0 0 0 0 0 0 0 0 0 0 0 0 0 0 0 0 0 0 0 0 0 0 0 0 0 0 0 0 0 0 0 0 0 0 0 0 0 0 0 0 0 0 0 0 0 0 0 0 0 0 0 0 0 0 0 0 0 0 0 0 0 0 0 0 0 0 0 0 0 0 0 0 0 0 0 0 0 0 0 0 0 0 0 0 0 0 0 0 0 0 0 0 0 0 0 0 0 0 0 0 0 0 0 0 0 0 0 0 0 0 0 0 0 0 0 0 0 0 0 0 0 0 0 0 0 0]
u_g = [[306 572 3098 1056 436 1972 1372 3238 3259 288 2827 467 2430 381 2518 2917 575 320 654 2549 1544 1670 1554 804 2316 3041 3214 1333 504 3280 3267 2145 2020 1093 974 2494 736 2927 2712 2024 2066 2516 22 2906 3122 23 2793 1568 168 2056 2100 2737 134 2851 149 98 3054 2804 2877 415 61 2841 2991 339 1429 81 142 1061 2138 1692 1834 1319 2943 1748 164 901 3058 1279 1781 655 3052 2459 22 387 445 2332 1630 580 1419 1572 2315 276 2990 1642 2930 1903 3297 2009 2125 1513 796 2696 953 2730 299 915 848 3190 3074 2313 2006 900 512 3110 1436 2181 1902 216 1700 2967 3107 1660 2198 277 1970 693 896 2918] [270 1953 938 1312 3284 1805 2448 760 1071 1949 1750 2921 2835 1097 2468 916 1164 1813 297 27 1102 1872 2654 1368 641 1540 2421 326 913 2478 1825 697 2145 3210 119 3035 2117 23 1588 1919 533 948 1274 47 182 151 735 1746 2101 2873 1959 3070 2622 2441 2297 981 2766 1523 3261 749 940 1012 416 2632 451 2885 1500 2455 1590 1177 2896 1534 2698 1141 2986 2588 3308 604 1255 2522 1449 1654 3315 3065 346 3316 316 596 2128 2828 171 1951 2806 460 2160 2931 2872 57 1755 2729 1543 1004 854 2488 1106 168 737 2109 873 3124 1777 1653 3297 507 1604 1537 1123 1731 2760 1409 238 1543 1466 1000 1199 391 287 3231] [] [] [] [] [] [] [] [] [2227 1934 3147 48 1661 1621 1269 94 1167 2858 2319 2246 226 670 1924 2813 3304 3299 2722 1922 2472 2685 1928 1861 355 1772 66 602 1594 1703 1928 1478 456 173 3156 539 892 2039 2654 2086 2258 1318 3236 2406 1493 344 2115 426 2547 595 168 1920 2563 3194 1300 2624 3143 1182 779 2333 1473 2573 2087 2764 1485 1708 2715 2359 2374 1477 2083 2168 2165 1043 1183 1895 289 1019 1166 2361 3217 1098 2457 2726 11 1946 2300 1251 370 881 737 1344 3135 1704 2391 327 3164 2039 1179 957 996 2473 2772 2766 590 28 2597 3177 1959 2428 2942 3296 2043 2650 2393 3266 85 450 532 299 42 2240 1798 3144 3064 303 194 1916] [] [] [] [1514 1031 1508 2890 196 3053 1839 1555 2302 482 1913 2305 1480 67 2382 1989 427 3234 2343 2335 3087 2429 585 619 1696 50 1272 1913 568 885 3260 1273 1597 1877 2886 2890 3263 2701 2096 2887 2899 2192 2504 1106 383 3179 1653 3129 3302 3237 1531 648 1633 1603 2559 2867 354 111 2757 928 1194 2641 1650 133 488 460 403 3298 2290 705 2726 1359 2548 1741 1058 2555 2387 2242 757 3295 675 338 2742 2189 1847 912 1790 463 1985 3175 2862 839 3076 2622 3212 2696 3052 1402 2654 992 1569 2684 2469 305 3213 1851 778 2422 534 2864 1437 2345 428 2749 2866 194 2944 667 1494 2371 2055 324 2312 1725 1976 2563 2947 1299] [] [] [] [] [] [] [] [] [2801 2977 1193 1079 992 2901 281 2800 3198 522 2916 844 3070 2721 1817 2603 2902 800 97 639 3263 1432 139 3205 1826 2194 2244 141 3113 1816 936 2923 778 732 2432 204 1746 540 647 3018 2370 3237 2461 3319 1915 3082 875 749 3295 3323 482 2507 1239 32 123 3220 517 1446 3053 1619 3012 2911 42 145 3061 2283 1333 1881 1992 1832 1802 2711 1288 374 435 1025 3074 1 889 1429 1433 3171 1394 1485 3102 982 3054 3118 2106 689 1353 2462 2559 243 1611 981 1186 1007 613 2781 2673 3031 2304 1756 2820 1036 2903 77 3017 801 3238 2367 1415 2126 1219 1996 1677 874 127 143 1098 3015 2734 3072 20 2573 485 3025] [] [] [] [] [] [] [] [] [] [] [] [] [] [] [] [] [] [] [] [] [] [] [] [] [] [] [] [] [] [] [] [] [] [] [] [] [] [] [] [] [] [] [] [] [] [] [] [] [] [] [] [] [] [] [] [] [] [] [] [] [] [] [] [] [] [] [] [] [] [] [] [] [] [] [] [] [] [] [] [] [] [] [] [] [] [] [] [] [1] [] []]
------------F[8]-----------
F[8] = [1 0 0 1 0 0 0 0 0 0 0 1 0 0 0 0 0 0 0 0 0 0 0 0 0 0 0 0 0 0 0 0 0 0 0 0 0 0 0 0 0 0 1 0 0 0 0 0 0 0 0 0 0 0 0 0 0 0 0 0 0 0 0 0 0 0 0 0 0 0 0 0 0 0 0 0 0 0 0 0 0 0 0 0 1 0 0 0 0 0 0 0 0 0 0 0 0 0 0 0 0 0 0 0 0 0 0 0 0 0 0 0 0 0 0 0 0 0 0 0 0 0 0 0 0 0 0 0 0 0 0 0 0 0 0 0 0 0 0 0 0 0 0 0 0 0 0 0 0 0 0 0 0 0 0 0 0 0 0 0 0 0 0 0 0 0 0 0 0 0 0 0 0 0 0 0 0 0 0 0 0 0 0 0 0 0 0 0 0 0 0 0 0 0 0 0 0 0 0 0 0 0 0 0 0 0 0 0 0 0 0 0 0 0 0 0 0 0 0 0 0 0 0 0 0 0 0 0 0 0 0 0 0 0 0 0 0 0 0 0 0 0 0 0 0 0 0 0 0 0 0 0 0 0 0 0 0 0 0 0 0 0 0 0 0 0 0 0 0 0 0 0 0 0 0 0 0 0 0 0 0 0 0 0 0 0 0 0 0 0 0 0 0 0 0 0 0 0 0 0 0 0 0 0 0 0 0 0 0 0 0 0 0 0 0 0 0 0 0 0 0 0 0 0 0 0 0 0 0 0 0 0 0 0 0 0 0 0 0 0 0 0 0 0 0 0 0 0 0 0 0 0 0 0 0 0 0 0 0 0 0 0 0 0 0 0 0 0 0 0 0 0 0 0 0 0 0 0 0 0 0 0 0 0 0 0 0 0 0 0 0 0 0 0 0 0 0 0 0 0 0 0 0 0 0 0 0 0 0 0 0 0 0 0 0 0 0 0 0 0 0 0 0 0 0 0 0 0 0 0 0 0 0 0 0 0 0 0 0 0 0 0 0 0 0 0 0 0 0 0 0 0 0 0 0]
u_g = [[2083 2216 1673 554 2510 3305 2615 143 2150 1042 2121 2091 2812 3012 1847 2221 1624 1185 121 1518 2533 2905 2747 557 2412 2817 1003 3018 2844 1704 1539 2385 1069 285 1978 1331 509 1778 1067 3137 3208 3189 2607 2449 3149 2242 3284 723 1510 2747 347 1859 3142 2082 1145 886 1072 877 3083 580 1957 2066 1498 884 1230 300 1129 3064 1422 1517 2387 3277 1916 2865 1577 575 2416 641 244 130 2526 3313 1633 757 1436 752 1785 3185 2597 193 695 1881 659 1561 87 1255 2778 848 1170 3019 1077 103 2559 1907 2841 620 1785 3017 1693 2048 1008 256 2029 252 1747 1541 2268 953 2429 1007 68 1926 299 3076 1743 287 197 2988] [1375 2635 1073 406 1097 1536 3000 2756 2076 3255 2230 1408 3307 50 1411 2727 2683 897 627 843 270 909 3263 2220 1039 2028 2712 965 1178 1702 409 2016 1135 2201 1428 2485 3144 551 1007 3266 2827 3047 686 2629 1795 1788 446 852 611 953 1282 93 2584 521 1244 3148 604 2902 2876 321 288 2126 2971 2255 3017 1509 996 454 678 818 1145 2687 294 757 2403 2127 2242 642 1931 536 2095 735 840 2390 3263 1692 1729 362 636 1776 2343 1182 2383 526 3148 109 1346 783 1192 1208 2191 2935 1571 69 1343 1276 2775 1750 1752 1793 2427 2637 973 1374 2850 3241 267 198 1751 1856 2864 611 1068 445 2004 299 370 1081] [] [] [2362 1246 287 704 3303 859 2493 474 38 2168 3194 2042 3308 2883 3158 3271 557 2541 1206 271 3023 292 3255 2545 2340 2542 2941 765 386 2942 1176 162 3193 1778 1551 392 286 386 119 1381 860 1792 544 765 1584 2084 818 1299 1933 367 2812 126 545 2750 784 1450 1197 279 745 1043 1943 3079 2295 751 46 1486 136 1922 3169 401 202 2935 185 3278 2676 3189 1943 1321 129 293 2277 1925 2450 2594 184 275 2458 1549 1434 2295 2487 655 1209 1934 142 128 1271 403 392 657 103 2975 3199 681 1143 112 1301 2567 731 661 2166 2458 2027 1239 3195 2370 2311 2980 1912 2668 161 1347 2531 315 1999 2163 2002 1867] [] [] [] [] [] [2555 1187 370 1601 1462 822 2772 2064 2108 2223 2184 1766 1837 2846 1600 1401 2292 2134 2773 286 1705 142 2262 2052 921 282 626 882 3136 555 19 99 1484 19 2529 2714 3328 2100 2520 1828 2196 1966 2897 98 64 1329 1392 722 2403 3229 1493 731 1279 1583 2626 1896 704 1025 1782 891 1894 1718 1393 2806 2991 1774 14 2300 1030 2762 3264 3065 1212 1194 1671 3197 1135 503 1635 2898 1227 1662 2007 1207 15 2320 2851 1259 3188 3246 226 2343 305 2761 1566 2398 797 2410 2106 2604 2749 323 2857 271 1431 668 9 3223 1515 8 991 2603 264 2108 1145 1455 3183 159 1374 1794 2091 2076 1036 943 1168 391 618 1135] [] [2227 1934 3147 48 1661 1621 1269 94 1167 2858 2319 2246 226 670 1924 2813 3304 3299 2722 1922 2472 2685 1928 1861 355 1772 66 602 1594 1703 1928 1478 456 173 3156 539 892 2039 2654 2086 2258 1318 3236 2406 1493 344 2115 426 2547 595 168 1920 2563 3194 1300 2624 3143 1182 779 2333 1473 2573 2087 2764 1485 1708 2715 2359 2374 1477 2083 2168 2165 1043 1183 1895 289 1019 1166 2361 3217 1098 2457 2726 11 1946 2300 1251 370 881 737 1344 3135 1704 2391 327 3164 2039 1179 957 996 2473 2772 2766 590 28 2597 3177 1959 2428 2942 3296 2043 2650 2393 3266 85 450 532 299 42 2240 1798 3144 3064 303 194 1916] [135 2641 469 656 1642 2567 1224 380 2200 2639 875 3125 3082 2213 1234 458 582 2571 1813 1678 551 936 1327 684 1985 770 2875 163 2121 1239 2577 2013 2737 1605 1724 3182 2723 1676 794 2624 1931 474 637 1688 91 1740 2032 873 2715 3101 2644 1535 1311 2885 2813 2155 1383 2426 3295 2039 470 506 208 1316 1890 3107 750 2892 795 2253 1448 767 1349 2235 1493 1294 1654 302 2292 1261 2389 827 3322 3197 173 1658 158 298 1064 1414 1750 2640 1403 230 1080 3130 1436 1693 2542 3029 2436 502 427 1244 553 84 2033 2719 2101 1562 2553 2491 3313 1918 802 2433 2226 2530 1380 2369 119 2436 733 500 2264 1860 1808 3280] [308 485 3061 742 823 1028 1028 723 655 1324 2574 1184 1040 161 1523 1335 1884 723 2899 1112 1041 611 838 1515 3273 2791 2172 1625 890 1562 1776 516 1717 1548 2262 2387 2749 721 2394 3184 2955 567 3078 57 2943 3228 755 2444 2127 2753 295 1664 1613 2921 2292 1873 2783 2830 314 2207 1012 384 680 2707 333 547 1737 523 2314 1697 1999 1047 1672 2360 2110 2678 2956 2751 397 3035 1617 2605 2587 1620 796 1786 1110 509 2939 278 2742 807 1115 3065 1885 229 2456 1921 100 514 289 2094 1696 306 378 1190 3134 195 585 554 1288 802 209 2702 425 537 297 997 2311 1607 1791 1515 2459 3161 1185 1110 1435 2852] [] [] [986 679 2701 640 1188 2625 2120 1026 2171 1004 1500 3149 1221 2788 870 1263 0 705 2440 2974 3021 532 724 495 193 2244 187 2054 352 2701 867 867 2375 2609 1989 3094 1680 3241 2743 2576 1940 2100 1636 1096 2298 2932 2528 549 3268 3231 2013 3155 2872 1635 2682 2758 871 1557 2481 2547 877 2223 1692 278 220 2743 1736 1850 953 2537 1199 741 507 2115 1493 251 2132 2243 1646 1395 2108 180 807 345 1620 1894 1515 252 762 535 886 3301 2306 2865 1494 348 909 2409 3267 444 913 2386 1444 2061 2704 2887 352 2499 222 336 1346 1383 1843 1546 756 2190 1292 1541 1621 2514 3153 10 1717 1468 1996 1807 103 995] [] [] [] [] [] [1351 3089 2332 608 830 1895 2965 2608 666 1653 1024 2946 2540 489 2874 2604 953 1693 1963 476 2822 2370 1568 1338 3069 3057 1247 877 2373 2966 2217 735 1366 1162 1065 2697 1197 634 768 3307 1938 2045 2438 3090 955 1631 1735 423 1592 718 2282 3167 3251 1943 1248 1307 3282 1664 1970 874 2806 319 933 238 893 1495 1014 1641 735 2731 2606 2996 735 1854 3127 2482 1812 915 1278 1085 98 2306 499 250 898 1715 870 878 1198 3118 791 1642 573 1500 1940 1266 1403 1950 2897 894 2648 2873 1880 277 812 2610 1690 780 2147 3204 3235 498 2597 1588 2174 678 3100 1977 3151 2042 899 2891 391 2628 2315 3253 3262 2446] [] [2801 2977 1193 1079 992 2901 281 2800 3198 522 2916 844 3070 2721 1817 2603 2902 800 97 639 3263 1432 139 3205 1826 2194 2244 141 3113 1816 936 2923 778 732 2432 204 1746 540 647 3018 2370 3237 2461 3319 1915 3082 875 749 3295 3323 482 2507 1239 32 123 3220 517 1446 3053 1619 3012 2911 42 145 3061 2283 1333 1881 1992 1832 1802 2711 1288 374 435 1025 3074 1 889 1429 1433 3171 1394 1485 3102 982 3054 3118 2106 689 1353 2462 2559 243 1611 981 1186 1007 613 2781 2673 3031 2304 1756 2820 1036 2903 77 3017 801 3238 2367 1415 2126 1219 1996 1677 874 127 143 1098 3015 2734 3072 20 2573 485 3025] [1514 1031 1508 2890 196 3053 1839 1555 2302 482 1913 2305 1480 67 2382 1989 427 3234 2343 2335 3087 2429 585 619 1696 50 1272 1913 568 885 3260 1273 1597 1877 2886 2890 3263 2701 2096 2887 2899 2192 2504 1106 383 3179 1653 3129 3302 3237 1531 648 1633 1603 2559 2867 354 111 2757 928 1194 2641 1650 133 488 460 403 3298 2290 705 2726 1359 2548 1741 1058 2555 2387 2242 757 3295 675 338 2742 2189 1847 912 1790 463 1985 3175 2862 839 3076 2622 3212 2696 3052 1402 2654 992 1569 2684 2469 305 3213 1851 778 2422 534 2864 1437 2345 428 2749 2866 194 2944 667 1494 2371 2055 324 2312 1725 1976 2563 2947 1299] [] [] [] [] [] [] [] [] [] [] [] [] [] [] [] [] [] [] [] [] [] [] [] [] [] [] [] [] [] [3065 3153 2261 2204 496 3115 1805 1400 1599 261 1458 422 1535 3025 2573 2966 1451 400 1713 1984 3296 716 1734 3267 913 1097 1122 1735 3221 908 468 3126 389 366 1216 102 873 270 1988 1509 1185 3283 2895 3324 2622 1541 2102 2039 3312 3326 241 2918 2284 16 1726 1610 1923 723 3191 2474 1506 3120 21 1737 3195 2806 2331 2605 996 916 901 3020 644 187 1882 2177 1537 1665 2109 2379 2381 3250 697 2407 1551 491 1527 1559 1053 2009 2341 1231 2944 1786 2470 2155 593 2168 1971 3055 3001 3180 1152 878 1410 518 3116 1703 3173 2065 1619 2848 2372 1063 2274 998 2503 437 1728 1736 549 3172 1367 1536 10 2951 1907 3177] [] [] [] [] [] [] [] [] [] [] [] [] [] [] [] [] [] [] [] [] [] [] [] [] [] [] [] [] [] [] [] [] [] [] [] [] [] [] [] [] [] [3065 3153 2261 2204 496 3115 1805 1400 1599 261 1458 422 1535 3025 2573 2966 1451 400 1713 1984 3296 716 1734 3267 913 1097 1122 1735 3221 908 468 3126 389 366 1216 102 873 270 1988 1509 1185 3283 2895 3324 2622 1541 2102 2039 3312 3326 241 2918 2284 16 1726 1610 1923 723 3191 2474 1506 3120 21 1737 3195 2806 2331 2605 996 916 901 3020 644 187 1882 2177 1537 1665 2109 2379 2381 3250 697 2407 1551 491 1527 1559 1053 2009 2341 1231 2944 1786 2470 2155 593 2168 1971 3055 3001 3180 1152 878 1410 518 3116 1703 3173 2065 1619 2848 2372 1063 2274 998 2503 437 1728 1736 549 3172 1367 1536 10 2951 1907 3177] [] [] [] [] [] [] [] [] [] [] [] [] [] [] [1] []]
------------F[9]-----------
F[9] = [0 0 0 1 0 0 0 0 0 0 0 0 1 0 0 0 0 0 0 0 0 0 0 0 0 0 0 0 0 0 0 0 0 0 0 0 0 0 0 0 0 0 0 0 0 0 0 0 0 0 0 0 0 0 0 0 0 0 0 0 0 0 0 0 0 0 0 0 0 0 0 0 0 0 0 0 0 0 0 0 0 0 0 0 0 0 0 0 0 0 0 0 0 0 0 0 0 0 0 0 0 0 0 0 0 0 0 0 0 0 0 0 0 0 0 0 0 0 0 0 0 0 0 0 0 0 0 0 0 0 0 0 0 0 0 0 0 0 0 0 0 0 0 0 0 0 0 0 0 0 0 0 0 0 0 0 0 0 0 0 0 0 0 0 0 0 0 0 0 0 0 0 0 0 0 0 0 0 0 0 0 0 0 0 0 0 0 0 0 0 0 0 0 0 0 0 0 0 0 0 0 0 0 0 0 0 0 0 0 0 0 0 0 0 0 0 0 0 0 0 0 0 0 0 0 0 0 0 0 0 0 0 0 0 0 0 0 0 0 0 0 0 0 0 0 0 0 0 0 0 0 0 0 0 0 0 0 0 0 0 0 0 0 0 0 0 0 0 0 0 0 0 0 0 0 0 0 0 0 0 0 0 0 0 0 0 0 0 0 0 0 0 0 0 0 0 0 0 0 0 0 0 0 0 0 0 0 0 0 0 0 0 0 0 0 0 0 0 0 0 0 0 0 0 0 0 0 0 0 0 0 0 0 0 0 0 0 0 0 0 0 0 0 0 0 0 0 0 0 0 0 0 0 0 0 0 0 0 0 0 0 0 0 0 0 0 0 0 0 0 0 0 0 0 0 0 0 0 0 0 0 0 0 0 0 0 0 0 0 0 0 0 0 0 0 0 0 0 0 0 0 0 0 0 0 0 0 0 0 0 0 0 0 0 0 0 0 0 0 0 0 0 0 0 0 0 0 0 0 0 0 0 0 0 0 0 0 0 0 0 0 0 0 0 0 0 0 0 0 0 0 0 0 0 0]
u_g = [[2777 2356 2270 2140 2144 1698 1222 2082 581 1060 1632 63 1718 2545 2933 889 3115 2603 1712 3300 2795 841 1153 1226 1993 2958 2107 438 2794 3309 3032 1978 1056 726 1180 2318 286 1944 1169 1441 2473 2795 803 1300 2972 160 1377 2044 862 1370 3206 2770 1673 1700 1031 3096 2331 495 1955 2204 584 2074 615 3166 2921 181 2284 2039 300 793 1712 1264 2547 1652 2067 1712 1923 581 307 224 2193 2705 1201 2538 2174 1075 704 2191 2502 515 2094 2988 1449 3036 3096 3032 160 3282 233 1461 1221 552 1343 1688 2304 1722 1541 1590 2858 2559 100 3020 2436 2031 1584 690 1257 2579 2843 1738 1904 2364 863 3266 628 3117 1741 305] [1781 2374 740 3202 2924 1644 2215 799 887 1117 1039 203 345 2363 3200 2802 1255 939 2217 572 81 284 1195 775 1842 564 1252 1764 2943 1110 38 198 2968 38 1729 2099 3327 871 1711 327 1063 603 2465 196 128 2658 2784 1444 1477 3129 2986 1462 2558 3166 1923 463 1408 2050 235 1782 459 107 2786 2283 2653 219 28 1271 2060 2195 3199 2801 2424 2388 13 3065 2270 1006 3270 2467 2454 3324 685 2414 30 1311 2373 2518 3047 3163 452 1357 610 2193 3132 1467 1594 1491 883 1879 2169 646 2385 542 2862 1336 18 3117 3030 16 1982 1877 528 887 2290 2910 3037 318 2748 259 853 823 2072 1886 2336 782 1236 2270] [] [] [2227 1934 3147 48 1661 1621 1269 94 1167 2858 2319 2246 226 670 1924 2813 3304 3299 2722 1922 2472 2685 1928 1861 355 1772 66 602 1594 1703 1928 1478 456 173 3156 539 892 2039 2654 2086 2258 1318 3236 2406 1493 344 2115 426 2547 595 168 1920 2563 3194 1300 2624 3143 1182 779 2333 1473 2573 2087 2764 1485 1708 2715 2359 2374 1477 2083 2168 2165 1043 1183 1895 289 1019 1166 2361 3217 1098 2457 2726 11 1946 2300 1251 370 881 737 1344 3135 1704 2391 327 3164 2039 1179 957 996 2473 2772 2766 590 28 2597 3177 1959 2428 2942 3296 2043 2650 2393 3266 85 450 532 299 42 2240 1798 3144 3064 303 194 1916] [] [] [] [] [] [] [] [] [2227 1934 3147 48 1661 1621 1269 94 1167 2858 2319 2246 226 670 1924 2813 3304 3299 2722 1922 2472 2685 1928 1861 355 1772 66 602 1594 1703 1928 1478 456 173 3156 539 892 2039 2654 2086 2258 1318 3236 2406 1493 344 2115 426 2547 595 168 1920 2563 3194 1300 2624 3143 1182 779 2333 1473 2573 2087 2764 1485 1708 2715 2359 2374 1477 2083 2168 2165 1043 1183 1895 289 1019 1166 2361 3217 1098 2457 2726 11 1946 2300 1251 370 881 737 1344 3135 1704 2391 327 3164 2039 1179 957 996 2473 2772 2766 590 28 2597 3177 1959 2428 2942 3296 2043 2650 2393 3266 85 450 532 299 42 2240 1798 3144 3064 303 194 1916] [1351 3089 2332 608 830 1895 2965 2608 666 1653 1024 2946 2540 489 2874 2604 953 1693 1963 476 2822 2370 1568 1338 3069 3057 1247 877 2373 2966 2217 735 1366 1162 1065 2697 1197 634 768 3307 1938 2045 2438 3090 955 1631 1735 423 1592 718 2282 3167 3251 1943 1248 1307 3282 1664 1970 874 2806 319 933 238 893 1495 1014 1641 735 2731 2606 2996 735 1854 3127 2482 1812 915 1278 1085 98 2306 499 250 898 1715 870 878 1198 3118 791 1642 573 1500 1940 1266 1403 1950 2897 894 2648 2873 1880 277 812 2610 1690 780 2147 3204 3235 498 2597 1588 2174 678 3100 1977 3151 2042 899 2891 391 2628 2315 3253 3262 2446] [] [] [2801 2977 1193 1079 992 2901 281 2800 3198 522 2916 844 3070 2721 1817 2603 2902 800 97 639 3263 1432 139 3205 1826 2194 2244 141 3113 1816 936 2923 778 732 2432 204 1746 540 647 3018 2370 3237 2461 3319 1915 3082 875 749 3295 3323 482 2507 1239 32 123 3220 517 1446 3053 1619 3012 2911 42 145 3061 2283 1333 1881 1992 1832 1802 2711 1288 374 435 1025 3074 1 889 1429 1433 3171 1394 1485 3102 982 3054 3118 2106 689 1353 2462 2559 243 1611 981 1186 1007 613 2781 2673 3031 2304 1756 2820 1036 2903 77 3017 801 3238 2367 1415 2126 1219 1996 1677 874 127 143 1098 3015 2734 3072 20 2573 485 3025] [] [] [] [] [] [] [] [] [2801 2977 1193 1079 992 2901 281 2800 3198 522 2916 844 3070 2721 1817 2603 2902 800 97 639 3263 1432 139 3205 1826 2194 2244 141 3113 1816 936 2923 778 732 2432 204 1746 540 647 3018 2370 3237 2461 3319 1915 3082 875 749 3295 3323 482 2507 1239 32 123 3220 517 1446 3053 1619 3012 2911 42 145 3061 2283 1333 1881 1992 1832 1802 2711 1288 374 435 1025 3074 1 889 1429 1433 3171 1394 1485 3102 982 3054 3118 2106 689 1353 2462 2559 243 1611 981 1186 1007 613 2781 2673 3031 2304 1756 2820 1036 2903 77 3017 801 3238 2367 1415 2126 1219 1996 1677 874 127 143 1098 3015 2734 3072 20 2573 485 3025] [] [] [] [] [] [] [] [] [] [] [] [] [] [] [] [] [] [] [] [] [] [] [] [] [] [] [] [] [] [] [] [] [] [] [] [] [] [] [] [] [] [] [] [] [] [] [] [] [] [] [] [] [] [] [] [] [] [] [] [] [] [] [] [] [] [] [] [] [] [] [] [] [] [] [] [] [] [] [] [] [] [] [] [] [] [] [] [1]]
----------FE.Enc----------
s = [1543 2444 3189 2451 557 1466 2772 2499 1612 47 1303 3072 2363 396 1296 2412 288 2633 3223 1093 287 2783 3129 184 2069 3116 2400 842 660 2586 1182 3014 3235 2939 1861 1797 3282 769 383 3134 2093 631 508 1790 898 620 3290 1567 2917 1532 1811 1418 2174 1179 732 2118 2886 1139 1646 1559 105 376 357 2709 765 1650 1076 3270 1282 179 67 1548 848 3197 3258 2098 2040 1705 324 1540 1305 979 1595 1021 2626 2936 622 571 2683 1125 1872 1129 1000 1164 1883 1795 2889 3098 861 2449 1159 1438 2014 2134 349 530 298 2708 442 3096 1293 487 1036 1575 735 1981 3196 1763 906 2583 1511 2296 1119 278 3026 2432 929 2866]
c = [38 2740 839 751 1564 1703 3207 79 1084 2392 1694 1387 2798 2194 812 275 1465 2864 3257 2351 325 2579 2310 237 1957 2056 434 1337 388 2217 629 1625 981 1946 1913 148 2586 1670 750 2351 753 2262 2976 3223 213 2695 1748 2417 80 2390 2640 2777 787 2414 1795 561 2176 698 244 1082 2658 869 868 497 2897 749 787 2839 1372 2027 2174 2760 2153 699 3234 1949 1872 1493 1795 1772 701 3205 804 1036 24 834 2901 2041 1690 2662 1596 2837 2668 2075 2091 801 878 1022 2776 25 922 2723 2871 1844 686 1844 1208 513 2611 1109 2337 2054 3257 2587 2073 1103 3098 534 759 1877 2706 1184 2161 1853 942 3138 2865 790][949 666 1502 907 398 1170 222 3232 1912 1023 762 2545 3319 2791 902 514 321 2348 3168 2115 2170 2816 351 2314 1367 336 896 1178 152 1526 3092 513 2423 3059 11 1527 642 2366 1280 1201 1021 470 2983 1327 1260 1561 373 861 1918 37 1726 694 55 1066 477 2410 1634 1418 1168 1288 989 98 2284 2776 994 2433 228 2031 2459 2867 204 1686 2433 35 2032 571 2732 919 65 846 1750 1711 1271 2796 1852 147 2952 1134 2448 1090 3328 2706 1851 2596 968 1187 1915 12 90 583 449 2482 3119 2038 604 2231 2253 1699 2491 2169 1867 1290 1528 2453 1321 2398 3193 782 1433 3173 555 1823 1152 2963 1043 2245 1101 1152][451 916 187 1450 1722 3276 739 1970 2375 2772 2047 141 2693 2270 1088 789 1793 221 39 2129 482 2419 1539 748 1779 2431 1582 276 2468 2527 1607 1125 2703 1465 828 173 2763 2897 2686 3248 1496 1316 2278 1708 2324 1314 2959 64 1229 531 1436 1054 2050 1092 1377 844 43 1456 772 3261 669 1471 2001 768 403 442 1368 995 3162 1837 2024 1593 3077 403 545 3057 1639 1500 1393 714 1792 2210 271 2497 1053 471 219 2232 2912 433 1355 1891 1415 1768 1386 2245 1290 2957 2326 2216 921 1725 2479 2013 371 3003 105 1713 2639 2475 249 1851 1093 220 1008 1110 2911 1658 1844 2146 2397 525 952 1011 1293 322 2851 2759][182 2554 1161 2600 597 1996 2238 2170 1856 806 659 903 3037 1676 462 1248 3201 2663 1400 1425 2343 1778 3105 2026 445 1297 2138 2010 2261 835 489 2482 2537 1238 86 1954 1266 2991 1179 2943 3166 1831 563 25 2379 1241 309 2983 2434 460 2779 1403 2650 1043 1615 271 891 3082 226 370 2348 526 1138 167 2182 2269 586 1664 405 2583 579 2214 2671 2647 2001 3114 224 1648 2839 1930 2328 1798 1714 389 2619 2773 260 1004 2591 118 1910 2870 2102 492 234 1839 1018 2688 2653 1644 2624 2741 608 2603 2595 1985 634 1659 1956 2180 1218 3238 2067 3249 51 2536 3092 1604 2746 2503 2465 42 2312 228 1752 997 805 1472][2895 1841 2501 2657 67 2704 1807 1181 3058 1836 1276 1116 2291 2964 2778 2170 387 1011 434 3048 622 2113 2766 2080 873 2077 634 936 2059 1348 1079 1280 968 2824 2171 2155 73 2577 2187 1086 2374 2090 2121 2881 804 3180 2588 3039 360 2659 876 2919 2782 724 184 2898 1342 684 3017 3246 1137 2740 2189 784 1353 1024 3177 2822 3177 2366 119 1545 1712 25 1055 1158 476 1970 1028 3117 1964 605 444 2118 2549 1515 1607 1801 2641 1990 3030 1490 1319 3082 1995 1670 2382 386 1656 56 192 1206 2637 584 53 3258 1843 912 2491 2489 2456 3046 1576 936 1412 2807 721 1011 1061 3292 2220 249 537 1558 3052 1998 1323 3102][2558 258 2523 1433 123 169 2721 337 202 2560 1353 2846 2140 2132 532 1863 787 2935 2548 1264 1916 1440 2998 2563 2541 806 1332 2282 1085 2659 3023 960 1176 3236 3288 1664 647 2602 1639 2103 3034 2086 1133 112 2380 863 1131 1392 2113 2671 1412 1478 1633 1163 2145 2685 3184 158 1955 2228 2087 1423 142 88 1213 1773 575 1742 3189 1817 3169 1612 3327 2156 2839 1720 3054 1560 2638 588 1177 1622 2593 2149 1191 1762 3265 285 627 2197 724 1333 1293 1455 1123 2469 430 2085 893 733 1245 2406 2474 3115 1698 2600 1794 1759 276 3205 2348 2669 1164 817 2999 2228 1412 2541 2427 2530 2130 262 283 2048 2331 2432 559 1683][1321 1611 2280 2472 980 2768 824 1400 2358 1908 2547 2626 3105 2263 3064 825 1186 2799 854 3266 2019 2232 1208 3324 2189 523 1165 1756 1919 3325 2082 1012 1755 699 2979 1261 339 3160 2083 3221 1399 580 1216 2972 3087 2049 1374 2730 1717 28 760 253 1635 1677 230 1540 1713 653 1473 599 711 2460 1518 2790 2684 3170 1201 2476 2223 1743 2059 1275 2477 3304 1332 1433 2600 1034 1741 1506 2583 379 2808 992 273 2677 1227 1354 1356 411 2846 788 813 668 1145 882 2179 865 1317 954 229 621 252 3295 1361 2474 3090 1128 2796 2963 2412 147 1832 937 696 2492 725 3011 85 10 2086 1772 497 3107 974 1253 1661 835][2626 2765 578 2473 1840 2684 2604 393 2025 3304 1469 931 2286 442 126 496 1514 457 1483 1587 2384 1558 160 783 1533 1743 2126 2862 611 2985 1239 2633 225 3155 1767 1305 1919 974 3037 1283 15 1992 2273 3288 1327 469 1894 1434 3082 2659 1991 2680 770 2678 1550 2147 820 406 83 2974 249 142 388 2442 2718 1112 1614 878 1397 1371 1018 2572 2701 2388 3249 328 3283 1506 2133 3225 623 2472 83 1306 1436 2226 51 2668 439 2359 3054 491 86 2506 1097 481 284 2730 3153 1404 1809 1114 2963 2593 608 1057 2099 1035 1230 2376 448 602 1791 937 2545 2411 2289 678 1013 2661 2428 2302 1045 436 1514 1456 3297 1876][2769 2362 878 481 786 641 2026 789 3015 1474 319 2377 685 2977 583 927 1234 1952 965 1144 2015 3233 1971 2909 650 2328 2851 99 3272 3011 1567 2664 717 1648 1267 2804 396 525 2383 2277 2281 693 2115 429 1278 981 1332 1706 1185 1062 1145 2074 2099 638 1559 3074 3076 3074 647 2740 1198 517 847 2180 1046 1188 1628 1757 1728 1173 416 3012 2629 3264 590 442 124 2873 1811 381 3261 2561 1291 2079 1307 3195 392 2842 1878 3108 2663 240 405 1685 3273 2921 3012 460 2970 2064 2797 2060 2534 2788 636 1883 626 3270 1976 2386 68 2736 1306 793 360 1923 1029 1087 3103 3020 2898 2084 412 1456 1804 2233 2851 1943][92 1231 673 1563 2621 841 716 637 3127 1752 143 1586 2354 1502 1092 2306 2655 2885 1268 695 901 947 1035 3051 245 3085 52 1304 1939 2275 1047 1070 597 1766 1294 1481 199 2335 2829 3070 1284 1066 1599 1750 2883 1424 2485 1459 2173 123 141 14 826 1495 266 2233 528 3130 3221 2679 1865 2610 2518 1900 683 1993 2897 2291 307 870 2844 288 3040 1883 2237 2848 79 2276 3080 1442 3201 3077 2415 2646 730 2536 2818 1080 1863 2618 978 1046 443 3326 2098 2935 3266 2078 168 2994 675 2294 1395 1925 922 729 1947 3281 3148 1674 1939 2310 590 3143 1880 2632 1412 1008 2209 783 1834 2409 110 1971 705 1353 2427 1514][1779 0 1145 638 1208 3051 2129 1787 1886 2006 1488 2768 243 3193 1879 1643 3254 1458 1328 1157 1191 2243 1247 67 375 2241 2771 1382 1986 2344 2560 2787 1477 2643 532 2934 1110 378 3193 2668 2657 1967 1910 2901 3036 2561 532 462 2627 82 721 3139 441 992 309 1603 495 2808 1543 642 2591 1616 3000 572 3290 545 2584 2484 148 913 2690 9 1451 3219 2396 1653 2726 1937 1446 2739 215 473 2187 904 110 1558 1914 2176 1577 1496 1736 551 1676 121 2450 2423 14 1431 2091 159 1040 1149 1317 2268 2462 42 1592 542 1583 3011 461 2918 2450 2702 2724 1468 1931 814 362 2376 2259 1232 1015 412 2352 592 988 1030][971 988 358 1497 1458 218 342 735 1253 210 3139 1285 558 793 943 2228 363 1095 1205 2023 1674 1224 1527 1977 1953 489 2550 295 181 830 122 3321 199 124 1835 411 432 638 31 3144 2999 2670 2496 1429 3127 3149 2491 3265 549 662 95 846 697 1018 2571 1573 2735 312 2455 427 1287 3026 2141 389 2062 2612 2360 895 2993 1076 3064 998 2240 592 1916 1423 3189 648 2852 1120 1777 264 3238 76 2343 2972 263 1422 2531 43 2131 750 2868 1508 441 1427 1822 496 2908 3169 3068 2468 1894 1315 2146 1901 2216 2665 2748 3231 799 1557 2240 2641 2890 536 1984 951 3154 2163 1200 1217 2324 1272 1804 1466 1438 961][442 2370 527 1763 2515 2573 799 2022 650 3072 1290 2567 2560 800 792 1139 2237 2832 1608 527 962 1976 302 2633 358 2336 2335 2175 198 1955 1957 1500 3110 2468 2737 2480 1152 3023 3296 703 1995 2654 1616 427 508 2033 2221 2392 566 1979 3187 3092 2737 2360 1513 585 3286 503 2217 821 1088 1655 3109 2805 2505 1054 1655 1966 39 2481 1529 1736 3005 2423 2830 3221 2045 2411 514 1572 1149 932 3099 1084 1477 1446 644 382 158 1207 3091 1923 2967 1779 3073 3137 260 2522 1944 1135 2287 2086 1818 2019 2535 2033 2788 1362 2407 3197 1921 2854 3051 3190 261 2010 2853 2469 3121 948 1758 2469 1821 997 2160 1604 3140 1511]
